%%MatrixMarket matrix coordinate pattern symmetric
2829 2829 8171
11 1
24 1
26 1
43 1
51 1
13 2
27 2
49 2
50 2
65 2
6 3
23 3
34 3
55 3
57 3
320 3
408 3
418 3
11 4
33 4
37 4
53 4
59 4
63 4
22 5
28 5
37 5
48 5
58 5
64 5
44 6
51 6
55 6
57 6
18 7
20 7
21 7
43 7
50 7
66 7
10 8
15 8
28 8
58 8
61 8
41 9
56 9
62 9
362 9
431 9
15 10
25 10
28 10
317 10
347 10
405 10
19 11
24 11
26 11
53 11
59 11
13 12
46 12
60 12
65 12
1309 12
1335 12
1374 12
46 13
50 13
65 13
66 13
15 14
19 14
56 14
61 14
62 14
56 15
61 15
312 15
361 15
405 15
20 16
21 16
23 16
31 16
55 16
30 17
39 17
40 17
1368 17
20 18
27 18
50 18
26 19
59 19
61 19
62 19
21 20
27 20
31 20
43 21
51 21
55 21
40 22
48 22
52 22
64 22
67 22
31 23
34 23
35 23
55 23
43 24
46 24
53 24
66 24
28 25
36 25
48 25
317 25
331 25
436 25
44 26
51 26
62 26
50 27
48 28
58 28
38 29
47 29
54 29
63 29
64 29
40 30
47 30
67 30
1326 30
1368 30
35 31
33 32
46 32
54 32
60 32
63 32
46 33
53 33
63 33
35 34
320 34
339 34
339 35
415 35
45 36
48 36
331 36
2142 36
2172 36
58 37
59 37
63 37
64 37
47 38
54 38
1341 38
1345 38
40 39
42 39
1368 39
2144 39
2152 39
2166 39
2207 39
42 40
52 40
67 40
44 41
57 41
62 41
362 41
396 41
45 42
52 42
2144 42
2168 42
51 43
66 43
51 44
57 44
62 44
48 45
52 45
2142 45
2168 45
53 46
60 46
66 46
64 47
67 47
1326 47
1345 47
52 48
65 49
1317 49
1318 49
1327 49
66 50
55 51
60 54
63 54
1341 54
1349 54
62 56
312 56
364 56
431 56
316 57
396 57
418 57
59 58
61 58
61 59
1332 60
1335 60
1349 60
64 63
67 64
1318 65
1374 65
72 68
73 68
77 68
258 68
1485 68
1487 68
1501 68
1507 68
2484 68
72 69
73 69
78 69
80 69
1496 69
71 70
76 70
77 70
81 70
2478 70
2484 70
72 71
75 71
77 71
79 71
81 71
73 72
77 72
78 72
79 72
1485 73
1493 73
1496 73
75 74
76 74
81 74
82 74
170 74
190 74
193 74
78 75
79 75
81 75
82 75
81 76
193 76
1438 76
1445 76
2478 76
2492 76
2484 77
79 78
80 78
82 78
170 82
103 83
117 83
122 83
125 83
130 83
136 83
141 83
88 84
91 84
104 84
152 84
1045 84
1067 84
107 85
115 85
127 85
147 85
151 85
90 86
126 86
154 86
1820 86
1840 86
90 87
127 87
133 87
147 87
89 88
95 88
104 88
152 88
95 89
102 89
134 89
152 89
126 90
133 90
103 91
104 91
1029 91
1045 91
1073 91
1303 91
1325 91
1373 91
102 92
112 92
131 92
132 92
134 92
137 92
110 93
143 93
105 94
114 94
151 94
153 94
155 94
102 95
104 95
109 95
117 95
122 95
119 96
132 96
134 96
152 96
1025 96
1071 96
105 97
135 97
140 97
153 97
157 97
110 98
116 98
120 98
129 98
138 98
106 99
126 99
148 99
154 99
1820 99
1887 99
101 100
121 100
129 100
138 100
144 100
1314 100
1369 100
2195 100
2200 100
116 101
138 101
144 101
156 101
109 102
112 102
134 102
104 103
122 103
136 103
1303 103
1311 103
122 104
125 105
135 105
142 105
153 105
155 105
118 106
124 106
126 106
148 106
115 107
150 107
112 108
131 108
135 108
145 108
157 108
112 109
117 109
142 109
145 109
120 110
143 110
113 111
119 111
123 111
128 111
132 111
137 111
149 111
131 112
145 112
123 113
131 113
137 113
139 113
149 113
115 114
116 114
120 114
150 114
151 114
155 114
150 115
151 115
120 116
138 116
155 116
156 116
122 117
125 117
142 117
124 118
126 118
133 118
140 118
128 119
132 119
1019 119
1020 119
1071 119
143 120
150 120
130 121
136 121
144 121
1369 121
128 123
149 123
1867 123
2230 123
140 124
146 124
148 124
157 124
141 125
142 125
155 125
133 126
154 126
147 127
1019 128
1020 128
2230 128
2245 128
138 129
2139 129
2165 129
2195 129
2200 129
136 130
141 130
144 130
156 130
137 131
139 131
146 131
157 131
134 132
137 132
140 133
147 133
152 134
142 135
145 135
157 135
1303 136
1311 136
1369 136
139 137
146 139
149 139
1859 139
1867 139
147 140
153 140
157 140
155 141
156 141
145 142
150 143
156 144
148 146
157 146
1859 146
151 147
153 147
1859 148
1887 148
1867 149
153 151
1025 152
1045 152
1067 152
1820 154
156 155
164 158
196 158
200 158
207 158
160 159
162 159
166 159
183 159
212 159
1439 159
162 160
166 160
191 160
196 160
163 161
168 161
189 161
208 161
209 161
215 161
196 162
207 162
212 162
168 163
174 163
208 163
214 163
191 164
196 164
169 165
204 165
1904 165
1913 165
188 166
191 166
1439 166
171 167
173 167
177 167
181 167
183 167
184 167
192 167
211 167
174 168
180 168
209 168
180 169
204 169
210 169
190 170
194 170
172 171
183 171
193 171
211 171
1438 171
1441 171
1448 171
173 172
176 172
193 172
197 172
199 172
211 172
213 172
184 173
197 173
211 173
180 174
185 174
206 174
214 174
182 175
189 175
202 175
203 175
1451 175
187 176
193 176
213 176
179 177
181 177
183 177
212 177
206 178
181 179
207 179
212 179
206 180
209 180
210 180
192 181
200 181
207 181
212 181
202 182
204 182
1451 182
1914 182
1915 182
212 183
1439 183
1441 183
1446 183
1447 183
192 184
197 184
201 184
205 185
206 185
214 185
188 186
203 186
215 186
1451 186
190 187
193 187
194 187
191 188
208 188
215 188
1436 188
1439 188
1451 188
202 189
203 189
209 189
215 189
193 190
194 190
196 191
205 191
208 191
214 191
200 192
201 192
1438 193
198 195
200 196
207 196
199 197
200 198
201 198
213 199
201 200
207 200
204 202
209 202
210 202
215 203
1451 203
210 204
1911 204
1913 204
1914 204
206 205
214 205
212 207
214 208
215 208
210 209
218 216
222 216
223 216
232 216
246 216
260 216
277 216
278 216
227 217
228 217
244 217
269 217
271 217
232 218
234 218
237 218
246 218
253 218
277 218
227 219
243 219
249 219
256 219
269 219
1505 219
1507 219
221 220
252 220
266 220
851 220
880 220
1515 220
1832 220
247 221
252 221
261 221
266 221
223 222
240 222
241 222
246 222
251 222
278 222
246 223
278 223
238 224
242 224
250 224
263 224
265 224
271 224
247 225
248 225
253 225
822 225
886 225
240 226
241 226
246 226
263 226
275 226
228 227
269 227
1505 227
1513 227
244 228
252 228
1488 228
1513 228
236 229
247 229
253 229
261 229
267 229
238 230
244 230
267 230
271 230
242 231
255 231
259 231
246 232
249 233
258 233
272 233
273 233
2484 233
236 234
237 234
246 234
276 234
239 235
241 235
250 235
265 235
270 235
275 235
237 236
238 236
253 236
267 236
276 236
253 237
263 238
267 238
271 238
276 238
255 239
265 239
268 239
270 239
2475 239
2489 239
241 240
246 240
245 241
251 241
270 241
275 241
243 242
255 242
259 242
262 242
265 242
271 242
249 243
256 243
262 243
271 243
272 243
252 244
267 244
271 244
251 245
270 245
2807 245
2810 245
263 246
276 246
253 247
261 247
266 247
822 247
253 248
277 248
279 248
798 248
877 248
886 248
258 249
272 249
1507 249
263 250
265 250
275 250
278 251
2807 251
2817 251
261 252
267 252
1488 252
1515 252
267 253
277 253
260 254
264 254
274 254
277 254
278 254
279 254
259 255
265 255
2475 255
2484 255
269 256
271 256
268 257
270 257
2470 257
2489 257
2810 257
2825 257
272 258
1507 258
2484 258
262 259
273 259
2475 259
2484 259
277 260
278 260
267 261
272 262
273 262
275 263
276 263
274 264
279 264
822 266
824 266
880 266
270 268
2489 268
271 269
2810 270
273 272
2484 273
279 277
2817 278
798 279
282 280
284 280
1530 280
1556 280
1576 280
282 281
283 281
284 281
285 281
286 281
1121 281
284 282
1117 282
1121 282
1530 282
284 283
285 283
286 285
287 285
2001 285
2004 285
287 286
1121 286
1127 286
1127 287
2001 287
2003 287
289 288
290 288
1097 288
1106 288
1109 288
1099 289
1106 289
1470 289
1479 289
1947 289
1955 289
1097 290
1101 290
1114 290
1115 290
293 291
370 291
403 291
422 291
428 291
441 291
300 292
322 292
324 292
376 292
438 292
324 293
370 293
403 293
438 293
309 294
333 294
337 294
339 294
390 294
391 294
360 295
374 295
407 295
440 295
448 295
349 296
358 296
359 296
368 296
385 296
417 296
319 297
357 297
359 297
368 297
398 297
437 297
318 298
323 298
347 298
354 298
400 298
402 298
405 298
324 299
367 299
424 299
432 299
446 299
324 300
327 300
367 300
376 300
382 300
427 300
329 301
366 301
374 301
392 301
401 301
433 301
335 302
366 302
377 302
406 302
433 302
448 302
310 303
314 303
353 303
403 303
438 303
441 303
325 304
327 304
382 304
426 304
306 305
315 305
341 305
344 305
379 305
311 306
341 306
343 306
344 306
372 306
414 306
343 307
371 307
372 307
411 307
414 307
2006 307
2007 307
2010 307
365 308
369 308
375 308
392 308
397 308
416 308
320 309
337 309
339 309
410 309
425 309
314 310
353 310
343 311
344 311
422 311
428 311
328 312
338 312
350 312
361 312
364 312
400 312
436 313
445 313
2149 313
438 314
341 315
2031 315
386 316
396 316
418 316
420 316
347 317
436 317
323 318
332 318
348 318
350 318
354 318
402 318
368 319
385 319
398 319
399 319
339 320
408 320
410 320
334 321
346 321
350 321
365 321
416 321
340 322
376 322
438 322
338 323
350 323
400 323
367 324
370 324
424 324
438 324
327 325
391 325
426 325
427 325
449 325
380 326
387 326
411 326
2023 326
2039 326
382 327
427 327
346 328
350 328
364 328
389 328
416 328
431 328
392 329
401 329
423 329
435 329
336 330
378 330
419 330
432 330
446 330
449 330
436 331
2149 331
2172 331
345 332
348 332
351 332
359 332
383 332
402 332
355 333
390 333
391 333
415 333
350 334
357 334
365 334
412 334
377 335
406 335
424 335
443 335
446 335
366 336
384 336
406 336
419 336
446 336
378 337
391 337
425 337
449 337
350 338
400 338
390 339
415 339
376 340
382 340
414 341
2029 341
2031 341
363 342
380 342
385 342
399 342
447 342
2005 342
2008 342
2039 342
371 343
372 343
373 343
377 343
393 343
422 343
428 343
430 343
379 344
422 344
351 345
383 345
395 345
434 345
1598 345
2186 345
350 346
416 346
354 347
405 347
436 347
350 348
357 348
359 348
363 349
385 349
417 349
2041 349
357 350
354 351
395 351
402 351
360 352
371 352
439 352
440 352
388 353
441 353
395 354
402 354
436 354
445 354
391 355
426 355
360 356
394 356
398 356
399 356
407 356
421 356
359 357
368 357
412 357
437 357
359 358
409 358
417 358
429 358
444 358
2041 358
368 359
383 359
444 359
407 360
421 360
439 360
440 360
400 361
405 361
389 362
396 362
420 362
431 362
385 363
2008 363
2041 363
431 364
397 365
412 365
416 365
384 366
401 366
406 366
433 366
427 367
432 367
385 368
398 368
374 369
392 369
394 369
397 369
407 369
393 370
424 370
428 370
443 370
373 371
387 371
411 371
439 371
440 371
414 372
377 373
430 373
440 373
448 373
392 374
407 374
433 374
448 374
392 375
404 375
416 375
435 375
382 376
430 377
433 377
443 377
448 377
419 378
425 378
449 378
381 379
388 379
422 379
387 380
447 380
2039 380
388 381
422 381
441 381
434 383
444 383
401 384
413 384
419 384
423 384
399 385
413 386
418 386
419 386
420 386
423 386
442 386
411 387
439 387
447 387
441 388
404 389
416 389
420 389
431 389
435 389
415 390
426 391
449 391
435 392
428 393
430 393
443 393
397 394
398 394
407 394
437 394
445 395
2122 395
2186 395
420 396
412 397
437 397
399 398
437 398
421 399
447 399
405 400
423 401
438 403
441 403
416 404
435 404
446 406
410 408
418 408
429 409
1600 409
1628 409
1634 409
2041 409
418 410
425 410
442 410
2006 411
2023 411
437 412
419 413
423 413
2007 414
2029 414
2041 417
442 418
425 419
442 419
423 420
435 420
439 421
447 421
428 422
441 422
435 423
443 424
446 424
442 425
432 427
449 427
430 428
434 429
444 429
1600 429
443 430
446 432
449 432
448 433
444 434
1598 434
1600 434
445 436
2149 436
447 439
448 440
2122 445
2149 445
457 450
463 450
469 450
472 450
486 450
472 451
474 451
492 451
493 451
1897 451
1928 451
455 452
464 452
470 452
485 452
488 452
464 453
470 453
2468 453
2482 453
2818 453
477 454
478 454
489 454
2672 454
2678 454
456 455
459 455
461 455
464 455
475 455
488 455
461 456
462 456
465 456
468 456
469 456
481 456
483 456
488 456
468 457
469 457
472 457
492 457
460 458
477 458
489 458
1406 458
1424 458
2667 458
2672 458
464 459
475 459
482 459
490 459
2818 459
2826 459
1406 460
2667 460
466 461
468 461
475 461
479 461
469 462
473 462
481 462
472 463
486 463
487 463
1919 463
470 464
2818 464
476 465
483 465
485 465
488 465
491 465
1440 465
2467 465
471 466
475 466
479 466
1380 466
474 467
478 467
480 467
484 467
489 467
1410 467
1411 467
469 468
479 468
492 468
473 469
486 469
491 469
485 470
2468 470
2482 470
475 471
482 471
490 471
1380 471
1395 471
1407 471
2826 471
487 472
492 472
493 472
476 473
481 473
491 473
479 474
480 474
484 474
492 474
1411 474
1420 474
1928 474
482 475
481 476
483 476
491 476
489 477
2672 477
484 478
489 478
2678 478
492 479
1380 479
1420 479
484 480
483 481
490 482
1928 484
2643 484
2678 484
488 485
2467 485
2468 485
491 486
1440 486
1443 486
1919 486
493 487
1919 487
1410 489
1424 489
2826 490
1440 491
1897 493
1919 493
498 494
527 494
568 494
578 494
570 495
584 495
895 495
507 496
519 496
550 496
561 496
512 497
556 497
564 497
594 497
2788 497
2799 497
502 498
562 498
568 498
578 498
530 499
542 499
545 499
552 499
571 499
581 499
591 499
524 500
535 500
568 500
536 501
564 501
582 501
591 501
710 501
736 501
553 502
558 502
562 502
577 502
578 502
514 503
516 503
520 503
557 503
567 503
585 503
548 504
561 504
577 504
580 504
508 505
510 505
511 505
516 505
533 505
672 505
679 505
518 506
519 506
533 506
551 506
573 506
589 506
519 507
550 507
551 507
575 507
588 507
511 508
514 508
516 508
563 508
580 508
515 509
538 509
543 509
556 509
592 509
640 509
533 510
544 510
573 510
637 510
672 510
518 511
533 511
580 511
538 512
540 512
542 512
545 512
556 512
564 512
594 512
547 513
548 513
557 513
567 513
516 514
563 514
567 514
585 514
538 515
540 515
592 515
585 516
678 516
679 516
573 517
586 517
589 517
590 517
519 518
533 518
580 518
551 519
561 519
580 519
531 520
539 520
546 520
557 520
585 520
526 521
532 521
534 521
566 521
576 521
593 521
541 522
553 522
555 522
565 522
578 522
583 522
587 522
526 523
528 523
576 523
590 523
660 523
1004 523
535 524
549 524
562 524
568 524
579 524
539 525
540 525
542 525
546 525
592 525
534 526
576 526
589 526
590 526
529 527
555 527
578 527
743 527
569 528
576 528
919 528
961 528
1004 528
555 529
559 529
587 529
716 529
743 529
745 529
541 530
559 530
574 530
581 530
591 530
539 531
585 531
599 531
651 531
566 532
572 532
584 532
593 532
573 533
551 534
566 534
588 534
589 534
549 535
550 535
582 536
718 536
736 536
2756 536
2767 536
554 537
569 537
570 537
576 537
584 537
593 537
540 538
556 538
592 538
546 539
592 539
640 539
651 539
542 540
592 540
559 541
565 541
581 541
587 541
545 542
546 542
552 542
571 542
595 542
556 543
2764 543
573 544
586 544
637 544
564 545
591 545
557 546
595 546
548 547
553 547
557 547
558 547
577 547
583 547
563 548
567 548
577 548
580 548
550 549
561 549
562 549
577 549
561 550
575 550
588 551
589 551
565 552
571 552
581 552
595 552
558 553
578 553
583 553
569 554
570 554
961 554
970 554
578 555
587 555
2764 556
2799 556
567 557
583 557
595 557
577 558
574 559
587 559
716 559
745 559
757 559
572 560
575 560
577 561
580 561
568 562
577 562
579 562
567 563
580 563
582 564
591 564
594 564
581 565
583 565
595 565
572 566
588 566
579 568
576 569
593 569
961 569
584 570
895 570
970 570
575 572
588 572
586 573
589 573
591 574
710 574
757 574
769 574
588 575
590 576
593 576
594 582
2757 582
2767 582
595 583
593 584
599 585
678 585
681 585
590 586
621 586
637 586
590 589
621 590
660 590
710 591
640 592
2757 594
2788 594
597 596
633 596
685 596
1785 596
1812 596
610 597
630 597
652 597
685 597
687 597
1751 597
1794 597
1812 597
602 598
612 598
631 598
635 598
636 598
668 598
632 599
651 599
674 599
681 599
686 599
613 600
622 600
633 600
685 600
607 601
624 601
627 601
644 601
649 601
631 602
636 602
648 602
650 602
604 603
607 603
629 603
674 603
686 603
620 604
629 604
647 604
661 604
686 604
617 605
634 605
667 605
683 605
947 605
984 605
1003 605
623 606
655 606
656 606
662 606
672 606
679 606
624 607
629 607
649 607
674 607
675 607
614 608
626 608
654 608
657 608
683 608
973 608
614 609
623 609
637 609
646 609
658 609
639 610
652 610
671 610
1751 610
1817 610
619 611
653 611
664 611
899 611
1740 611
1762 611
619 612
635 612
664 612
665 612
668 612
622 613
628 613
633 613
643 613
663 613
646 614
654 614
657 614
658 614
669 614
682 614
638 615
639 615
645 615
652 615
666 615
1141 615
1202 615
619 616
628 616
665 616
676 616
684 616
626 617
683 617
947 617
649 618
656 618
674 618
678 618
681 618
664 619
665 619
676 619
1740 619
1762 619
638 620
645 620
647 620
661 620
670 620
680 620
637 621
658 621
660 621
677 621
682 621
629 622
630 622
643 622
647 622
675 622
680 622
685 622
637 623
642 623
646 623
648 623
655 623
672 623
625 624
643 624
644 624
675 624
628 625
643 625
644 625
665 625
668 625
683 626
938 626
947 626
973 626
644 627
649 627
650 627
662 627
643 628
663 628
665 628
684 628
647 629
675 629
680 630
685 630
687 630
635 631
642 631
648 631
667 631
683 631
640 632
641 632
651 632
659 632
661 632
670 632
686 632
663 633
685 633
1750 633
1785 633
635 634
664 634
667 634
673 634
912 634
1003 634
664 635
667 635
644 636
650 636
668 636
658 637
672 637
645 638
652 638
680 638
687 638
652 639
671 639
1139 639
1202 639
651 640
659 640
659 641
666 641
670 641
1138 641
646 642
648 642
654 642
683 642
675 643
650 644
668 644
661 645
666 645
670 645
654 646
680 647
650 648
655 648
656 649
662 649
674 649
655 650
662 650
671 652
687 652
664 653
673 653
899 653
683 654
662 655
662 656
678 656
679 656
669 657
905 657
937 657
973 657
682 658
670 659
677 660
942 660
1004 660
670 661
686 661
684 663
1750 663
673 664
668 665
670 666
1138 666
1141 666
683 667
682 669
921 669
937 669
1139 671
1157 671
1817 671
679 672
899 673
912 673
930 673
681 674
686 674
684 676
1740 676
1799 676
682 677
942 677
679 678
681 678
687 680
921 682
942 682
1750 684
1799 684
689 688
692 688
702 688
712 688
726 688
748 688
775 688
702 689
756 689
760 689
767 689
774 689
775 689
709 690
720 690
783 690
1238 690
2746 690
2797 690
713 691
746 691
755 691
777 691
780 691
701 692
702 692
711 692
726 692
770 692
694 693
697 693
735 693
739 693
744 693
766 693
773 693
696 694
697 694
699 694
720 694
725 694
773 694
712 695
724 695
727 695
764 695
772 695
781 695
697 696
699 696
706 696
720 696
721 696
709 697
715 697
720 697
744 697
700 698
705 698
708 698
734 698
758 698
761 698
763 698
768 698
704 699
706 699
721 699
722 699
725 699
729 699
701 700
724 700
763 700
768 700
781 700
711 701
724 701
726 701
768 701
770 701
726 702
756 702
765 702
770 702
710 703
739 703
740 703
744 703
757 703
769 703
721 704
722 704
728 704
753 704
782 704
785 704
786 704
708 705
734 705
758 705
762 705
768 705
771 705
784 705
720 706
721 706
732 706
753 706
783 706
714 707
746 707
748 707
767 707
775 707
778 707
780 707
717 708
719 708
758 708
759 708
761 708
763 708
715 709
718 709
720 709
783 709
2746 709
2756 709
736 710
740 710
769 710
730 711
734 711
754 711
768 711
770 711
784 711
724 712
726 712
748 712
764 712
778 712
738 713
755 713
776 713
777 713
746 714
767 714
775 714
780 714
718 715
720 715
740 715
744 715
731 716
743 716
745 716
719 717
758 717
759 717
761 717
1242 717
736 718
740 718
2756 718
742 719
761 719
1242 719
1255 719
783 720
722 721
732 721
753 721
725 722
727 722
728 722
729 722
786 722
752 723
756 723
760 723
726 724
781 724
729 725
751 725
773 725
748 726
729 727
772 727
781 727
786 727
733 728
742 728
782 728
785 728
786 728
751 729
772 729
786 729
754 730
765 730
770 730
738 731
743 731
745 731
776 731
779 731
753 732
783 732
1233 732
1260 732
742 733
761 733
763 733
781 733
786 733
754 734
768 734
784 734
739 735
741 735
744 735
766 735
773 735
779 735
740 736
749 737
750 737
751 737
764 737
766 737
772 737
773 737
741 738
776 738
777 738
779 738
744 739
745 739
757 739
779 739
744 740
749 741
766 741
777 741
779 741
761 742
763 742
782 742
786 742
1232 742
1255 742
776 743
757 745
779 745
750 746
755 746
778 746
780 746
758 747
759 747
771 747
1263 747
1277 747
2091 747
2099 747
764 748
775 748
778 748
750 749
755 749
766 749
777 749
755 750
764 750
778 750
766 751
772 751
773 751
756 752
760 752
765 752
785 753
1260 753
784 754
777 755
780 755
760 756
765 756
774 756
769 757
759 758
762 758
771 758
771 759
1242 759
1263 759
774 760
763 761
771 762
784 762
2113 762
768 763
781 763
772 764
778 764
770 765
773 766
774 767
775 767
2091 771
2113 771
775 774
777 776
786 781
785 782
1232 782
1234 782
1233 783
1238 783
2113 784
1234 785
1260 785
788 787
792 787
802 787
840 787
853 787
889 787
890 787
792 788
802 788
816 788
840 788
847 788
890 788
793 789
808 789
829 789
830 789
838 789
803 790
825 790
834 790
835 790
862 790
1821 790
1895 790
813 791
859 791
866 791
869 791
870 791
879 791
805 792
840 792
853 792
808 793
829 793
852 793
795 794
804 794
811 794
823 794
826 794
843 794
873 794
882 794
823 795
842 795
843 795
850 795
804 796
811 796
849 796
1876 796
1893 796
805 797
836 797
1837 797
1877 797
863 798
877 798
803 799
815 799
835 799
846 799
1823 799
1849 799
801 800
807 800
817 800
858 800
867 800
887 800
831 801
848 801
858 801
865 801
887 801
816 802
823 802
842 802
856 802
890 802
835 803
1849 803
1895 803
811 804
873 804
882 804
1855 804
1876 804
836 805
853 805
855 806
863 806
876 806
883 806
817 807
843 807
845 807
850 807
858 807
871 807
816 809
830 809
832 809
838 809
847 809
856 809
875 809
815 810
828 810
835 810
859 810
862 810
879 810
823 811
849 811
889 811
854 812
857 812
868 812
869 812
870 812
884 812
839 813
845 813
866 813
870 813
871 813
820 814
821 814
827 814
828 814
833 814
837 814
854 814
872 814
821 815
828 815
835 815
846 815
832 816
840 816
847 816
856 816
850 817
867 817
885 817
819 818
837 818
841 818
854 818
872 818
876 818
883 818
884 818
855 819
860 819
868 819
876 819
884 819
824 820
827 820
833 820
880 820
881 820
827 821
828 821
846 821
824 822
886 822
888 822
842 823
889 823
890 823
833 824
880 824
888 824
834 825
882 825
1821 825
1846 825
843 826
845 826
864 826
873 826
833 827
846 827
874 827
881 827
854 828
859 828
830 829
852 829
861 829
875 829
838 830
875 830
848 831
857 831
865 831
878 831
838 832
847 832
891 832
872 833
880 833
888 833
862 834
864 834
873 834
882 834
862 835
849 836
853 836
1837 836
1872 836
854 837
872 837
891 838
848 839
857 839
858 839
870 839
871 839
847 840
872 841
877 841
883 841
886 841
888 841
850 842
856 842
885 842
845 843
850 843
871 843
852 844
861 844
867 844
887 844
864 845
866 845
871 845
874 846
1823 846
857 848
858 848
853 849
889 849
1872 849
1893 849
885 850
880 851
881 851
1832 851
1889 851
861 852
889 853
890 853
859 854
869 854
884 854
860 855
876 855
875 856
885 856
868 857
870 857
878 857
871 858
869 859
879 859
868 860
878 860
867 861
875 861
885 861
864 862
879 862
877 863
883 863
866 864
873 864
879 864
887 865
879 866
885 867
887 867
878 868
884 868
870 869
888 872
882 873
881 874
1823 874
1889 874
885 875
883 876
883 877
886 877
881 880
1889 881
1846 882
1855 882
888 886
890 889
914 892
920 892
935 892
976 892
995 892
1000 892
896 893
977 893
998 893
1005 893
2170 893
2199 893
928 894
975 894
981 894
997 894
999 894
1006 894
1011 894
911 895
970 895
922 896
941 896
976 896
977 896
1005 896
900 897
926 897
974 897
978 897
982 897
994 897
917 898
939 898
952 898
957 898
1009 898
2129 898
2578 898
930 899
932 899
950 899
1762 899
916 900
925 900
940 900
978 900
982 900
996 900
913 901
936 901
955 901
1775 901
2729 901
914 902
931 902
960 902
966 902
975 902
1006 902
940 903
969 903
987 903
992 903
1739 903
1744 903
951 904
956 904
965 904
986 904
988 904
1010 904
934 905
937 905
938 905
973 905
983 905
938 906
947 906
981 906
999 906
922 907
934 907
962 907
980 907
983 907
1005 907
915 908
919 908
945 908
963 908
1002 908
1008 908
933 909
967 909
1002 909
2156 909
2197 909
950 910
987 910
1744 910
1762 910
933 911
944 911
970 911
930 912
943 912
985 912
1003 912
923 913
936 913
955 913
959 913
994 913
960 914
966 914
991 914
995 914
1000 914
945 915
980 915
1001 915
1002 915
2179 915
2197 915
924 916
925 916
964 916
978 916
990 916
946 917
952 917
954 917
957 917
986 917
988 917
920 918
995 918
1007 918
2130 918
2185 918
961 919
963 919
1004 919
1008 919
976 920
977 920
995 920
2130 920
937 921
942 921
972 921
983 921
934 922
941 922
1005 922
955 923
979 923
994 923
946 924
956 924
964 924
990 924
948 925
964 925
996 925
1011 925
959 926
969 926
982 926
992 926
994 926
949 927
951 927
965 927
968 927
989 927
943 928
985 928
996 928
997 928
1011 928
944 929
2164 929
2182 929
932 930
985 930
948 931
960 931
964 931
975 931
993 931
940 932
950 932
985 932
987 932
996 932
944 933
967 933
970 933
2156 933
2208 933
938 934
941 934
983 934
941 935
953 935
976 935
1000 935
959 936
1775 936
1804 936
983 937
941 938
947 938
953 938
973 938
981 938
957 939
958 939
988 939
2578 939
2639 939
982 940
987 940
992 940
996 940
953 941
976 941
972 942
1004 942
1008 942
984 943
985 943
997 943
1003 943
2182 944
2208 944
972 945
980 945
1008 945
954 946
956 946
964 946
986 946
993 946
984 947
997 947
999 947
964 948
975 948
1011 948
955 949
965 949
968 949
979 949
987 950
1762 950
958 951
965 951
988 951
989 951
954 952
1009 952
966 953
981 953
1000 953
971 954
991 954
993 954
1009 954
968 955
979 955
2729 955
986 956
990 956
1010 956
988 957
988 958
989 958
2639 958
969 959
994 959
1732 959
1804 959
991 960
993 960
963 961
967 961
970 961
980 962
998 962
1001 962
1005 962
2190 962
967 963
1002 963
993 964
979 965
1010 965
981 966
1000 966
1006 966
970 967
1002 967
989 968
2709 968
2729 968
992 969
1732 969
1739 969
991 971
1007 971
1009 971
2123 971
2192 971
980 972
983 972
1008 972
978 974
979 974
990 974
994 974
1010 974
1006 975
1011 975
977 976
2130 977
2170 977
982 978
990 978
994 979
1010 979
983 980
1001 980
999 981
1006 981
992 982
997 984
1003 984
996 985
988 986
1744 987
2525 989
2544 989
2639 989
2709 989
1010 990
993 991
995 991
1007 991
1007 995
1011 996
999 997
1005 998
2190 998
2199 998
2179 1001
2190 1001
2197 1002
1008 1004
2185 1007
2192 1007
2123 1009
2129 1009
1031 1012
1038 1012
1040 1012
1060 1012
1068 1012
1017 1013
1031 1013
1038 1013
1051 1013
1069 1013
1015 1014
1028 1014
1035 1014
1043 1014
1058 1014
1059 1014
1034 1015
1035 1015
1041 1015
1058 1015
1061 1015
1062 1015
1066 1015
1024 1016
1026 1016
1031 1016
1039 1016
1050 1016
1051 1016
1060 1016
1074 1016
1021 1017
1038 1017
1069 1017
2387 1017
1019 1018
1025 1018
1036 1018
1042 1018
1046 1018
1052 1018
1071 1018
1075 1018
1020 1019
1052 1019
1071 1019
1027 1020
1052 1020
2245 1020
2313 1020
2366 1020
2394 1020
1023 1021
1038 1021
2387 1021
2392 1021
1024 1022
1032 1022
1036 1022
1039 1022
1048 1022
1053 1022
1075 1022
1038 1023
1068 1023
2334 1023
2392 1023
1026 1024
1032 1024
1039 1024
1065 1024
1042 1025
1067 1025
1071 1025
1050 1026
1065 1026
1074 1026
1298 1026
1376 1026
1046 1027
1052 1027
1054 1027
2394 1027
2421 1027
1030 1028
1035 1028
1043 1028
1057 1028
1072 1028
1044 1029
1053 1029
1073 1029
1325 1029
1372 1029
1057 1030
1072 1030
1074 1030
1300 1030
1376 1030
1038 1031
1051 1031
1060 1031
1044 1032
1053 1032
1065 1032
1039 1033
1046 1033
1051 1033
1075 1033
1035 1034
1040 1034
1061 1034
1062 1034
1068 1034
1050 1035
1061 1035
1072 1035
1042 1036
1048 1036
1075 1036
1041 1037
1047 1037
1049 1037
1056 1037
1059 1037
1063 1037
1064 1037
1068 1038
1051 1039
1075 1039
1060 1040
1061 1040
1068 1040
1056 1041
1058 1041
1059 1041
1066 1041
1048 1042
1067 1042
1057 1043
1059 1043
1064 1043
1053 1044
1065 1044
1372 1044
1048 1045
1053 1045
1067 1045
1073 1045
1051 1046
1052 1046
1054 1046
1069 1046
1075 1046
1049 1047
1055 1047
1063 1047
1053 1048
1067 1048
1055 1049
1060 1050
1061 1050
1072 1050
1074 1050
1069 1051
1073 1053
1069 1054
2387 1054
2413 1054
2421 1054
1059 1056
1064 1056
1064 1057
1300 1057
1059 1058
1064 1059
1061 1060
1062 1061
1066 1062
1064 1063
1070 1063
1320 1063
1352 1063
1070 1064
1300 1064
1354 1064
1298 1065
1308 1065
1329 1065
1372 1065
2387 1069
1343 1070
1352 1070
1354 1070
1371 1070
1074 1072
1376 1074
1078 1076
1079 1076
1081 1076
1084 1076
1087 1076
1085 1077
1086 1077
1088 1077
1090 1077
1084 1078
1087 1078
1091 1078
1081 1079
1084 1079
1088 1079
1085 1080
1089 1080
1090 1080
1083 1081
1087 1081
1088 1081
1089 1081
1083 1082
1089 1082
1087 1083
1089 1083
1091 1084
1454 1084
1456 1084
1086 1085
1088 1085
1089 1085
1090 1085
1088 1086
1089 1088
1454 1091
1461 1091
1103 1092
1113 1092
1937 1092
1961 1092
1988 1092
2693 1092
2708 1092
2712 1092
1094 1093
1095 1093
1096 1093
1105 1093
1108 1093
1095 1094
1098 1094
1104 1094
1105 1094
1999 1094
1101 1097
1109 1097
1112 1097
1102 1098
1105 1098
1933 1098
1999 1098
1104 1099
1106 1099
1947 1099
1968 1099
1108 1100
1110 1100
1114 1101
1105 1102
1107 1102
1113 1102
1933 1102
1960 1102
2580 1102
1958 1103
1988 1103
2691 1103
2708 1103
2718 1103
1968 1104
1999 1104
1107 1105
1108 1105
1109 1106
1108 1107
2516 1107
2548 1107
2580 1107
1112 1109
1114 1111
1115 1111
2509 1111
1960 1113
1961 1113
2580 1113
2681 1113
2698 1113
2712 1113
1115 1114
2509 1115
1125 1116
1120 1117
1121 1117
1122 1117
1527 1117
1530 1117
1558 1117
2496 1117
1124 1118
1125 1118
2000 1118
2002 1118
2003 1118
1123 1119
1126 1119
1458 1119
1460 1119
1122 1120
1127 1120
1455 1120
2496 1120
2507 1120
1122 1121
1127 1121
1127 1122
1124 1123
1126 1123
1127 1123
1458 1123
1125 1124
1126 1124
1127 1124
2003 1124
1455 1127
1458 1127
2003 1127
1131 1128
1162 1128
1187 1128
1192 1128
1195 1128
1148 1129
1175 1129
1179 1129
1204 1129
1135 1130
1166 1130
1168 1130
1197 1130
1207 1130
1187 1131
1195 1131
1198 1131
1142 1132
1147 1132
1155 1132
1167 1132
1196 1132
1136 1133
1153 1133
1162 1133
1192 1133
1158 1134
1163 1134
1179 1134
1140 1135
1150 1135
1161 1135
1166 1135
1168 1135
1153 1136
1183 1136
1200 1136
1206 1136
1155 1137
1172 1137
1178 1137
1210 1137
1141 1138
1207 1138
1140 1139
1157 1139
1166 1139
1202 1139
1150 1140
1157 1140
1165 1140
1166 1140
1202 1140
1166 1141
1202 1141
1207 1141
1143 1142
1151 1142
1196 1142
1151 1143
1187 1143
1196 1143
1198 1143
1175 1144
1176 1144
1153 1145
1164 1145
1181 1145
1183 1145
1184 1145
1194 1145
1199 1145
1150 1146
1156 1146
1160 1146
1161 1146
1186 1146
1205 1146
1167 1147
1184 1147
1187 1147
1192 1147
1195 1147
1196 1147
1199 1147
1179 1148
1182 1148
1204 1148
1163 1149
1179 1149
1182 1149
2753 1149
2772 1149
1160 1150
1161 1150
1165 1150
1171 1152
1174 1152
1190 1152
1200 1152
1205 1152
1206 1152
1164 1153
1183 1153
1192 1153
1199 1153
1163 1154
1193 1154
2760 1154
2798 1154
1167 1155
1172 1155
1178 1155
1184 1155
1210 1155
1161 1156
1164 1156
1183 1156
1186 1156
1200 1156
1205 1156
1165 1157
1173 1157
1757 1157
1817 1157
1163 1158
1169 1158
1193 1158
1203 1159
1206 1159
1165 1160
1174 1160
1205 1160
1168 1161
1186 1161
1192 1162
1195 1162
1179 1163
1193 1163
2753 1163
2755 1163
2798 1163
1181 1164
1183 1164
1186 1164
1194 1164
1173 1165
1174 1165
1208 1165
1202 1166
1207 1166
1184 1167
1196 1167
1199 1167
1210 1167
1186 1168
1188 1168
1189 1168
1197 1168
1178 1170
1180 1170
1181 1170
1189 1170
1191 1170
1194 1170
1210 1170
1177 1171
1190 1171
1201 1171
1203 1171
1206 1171
1185 1173
1208 1173
1757 1173
1779 1173
1190 1174
1205 1174
1208 1174
1176 1175
1204 1175
1204 1176
1190 1177
1201 1177
1209 1177
1180 1178
1210 1178
1182 1179
1189 1180
1191 1180
1186 1181
1189 1181
1194 1181
2772 1182
1200 1183
1194 1184
1199 1184
1210 1184
1208 1185
1209 1185
1779 1185
1189 1186
1195 1187
1196 1187
1198 1187
1189 1188
1191 1188
1197 1188
1191 1189
1194 1189
1208 1190
1209 1190
1195 1192
1199 1192
1210 1194
1196 1195
1199 1195
1205 1200
1206 1200
1203 1201
1207 1202
1206 1203
1209 1208
1219 1211
1221 1211
1228 1211
1241 1211
1243 1211
1258 1211
1268 1211
1279 1211
1223 1212
1237 1212
1240 1212
1272 1212
1281 1212
1292 1212
1224 1213
1225 1213
1239 1213
1253 1213
1264 1213
1266 1213
1290 1213
1221 1214
1225 1214
1239 1214
1241 1214
1246 1214
1249 1214
1254 1214
1267 1214
1278 1214
1258 1215
1259 1215
1281 1215
1283 1215
1247 1216
1285 1216
1286 1216
1288 1216
2075 1216
2104 1216
1218 1217
1232 1217
1250 1217
1255 1217
1262 1217
1291 1217
1293 1217
1227 1218
1262 1218
1274 1218
1275 1218
1293 1218
1268 1219
1279 1219
2750 1219
1237 1220
1256 1220
1280 1220
1282 1220
1296 1220
1228 1221
1239 1221
1241 1221
1259 1221
1287 1221
1290 1221
1244 1222
1247 1222
1275 1222
1286 1222
1297 1222
1240 1223
1243 1223
1268 1223
1292 1223
2741 1223
2783 1223
1264 1224
1266 1224
1294 1224
1687 1224
1239 1225
1253 1225
1267 1225
1270 1225
1248 1226
1242 1227
1261 1227
1263 1227
1274 1227
1293 1227
1258 1228
1259 1228
1235 1229
1237 1229
1272 1229
1276 1229
1280 1229
1292 1229
2782 1229
1235 1230
1260 1230
1265 1230
1276 1230
1284 1230
1236 1231
1266 1231
1271 1231
1283 1231
1285 1231
1287 1231
1234 1232
1255 1232
1291 1232
1238 1233
1260 1233
1265 1233
1295 1233
1260 1234
1284 1234
1291 1234
1265 1235
1276 1235
1289 1235
2781 1235
2782 1235
1266 1236
1271 1236
1285 1236
1288 1236
1294 1236
1272 1237
1280 1237
1281 1237
1296 1237
1295 1238
2766 1238
2797 1238
1290 1239
1243 1240
1258 1240
1268 1240
1281 1240
1246 1241
1279 1241
1255 1242
1263 1242
1293 1242
1258 1243
1268 1243
1257 1244
1271 1244
1275 1244
1283 1244
1286 1244
1254 1245
1278 1245
1712 1245
1249 1246
1279 1246
1286 1247
1297 1247
2069 1247
2075 1247
1279 1248
1278 1249
1262 1250
1276 1250
1280 1250
1282 1250
1291 1250
1252 1251
1269 1251
1297 1251
2055 1251
2069 1251
2100 1251
1261 1252
1269 1252
1274 1252
1297 1252
1264 1253
1270 1253
1267 1254
1270 1254
1278 1254
1696 1254
1712 1254
1728 1254
1293 1255
1257 1256
1275 1256
1282 1256
1296 1256
1275 1257
1283 1257
1296 1257
1259 1258
1281 1258
1283 1259
1287 1259
1265 1260
1284 1260
1263 1261
1269 1261
1274 1261
1277 1261
1275 1262
1282 1262
1277 1263
1270 1264
1687 1264
1727 1264
1289 1265
1295 1265
1287 1266
1290 1266
1294 1266
1270 1267
1273 1267
2741 1268
2750 1268
1277 1269
2055 1269
2100 1269
1273 1270
1696 1270
1727 1270
1283 1271
1285 1271
1286 1271
1292 1272
1275 1274
1297 1274
1282 1275
1297 1275
1280 1276
1284 1276
1291 1276
2099 1277
2100 1277
2750 1279
1282 1280
1283 1281
1296 1281
1287 1283
1296 1283
1291 1284
1286 1285
1288 1285
1290 1287
1294 1288
1717 1288
2104 1288
1295 1289
2740 1289
2781 1289
2782 1292
2783 1292
2790 1292
1687 1294
1717 1294
2740 1295
2766 1295
2796 1295
2069 1297
1316 1298
1329 1298
1376 1298
1356 1299
1367 1299
1368 1299
2151 1299
2152 1299
2176 1299
1316 1300
1340 1300
1354 1300
1376 1300
1305 1301
1307 1301
1323 1301
1337 1301
1342 1301
1346 1301
1347 1301
1377 1301
1379 1301
1344 1302
1367 1302
1370 1302
2140 1302
2151 1302
1311 1303
1364 1303
1373 1303
1306 1304
1319 1304
1333 1304
1355 1304
1375 1304
1378 1304
1319 1305
1323 1305
1339 1305
1346 1305
1310 1306
1338 1306
1345 1306
1355 1306
1375 1306
1346 1307
1350 1307
1375 1307
1377 1307
1312 1308
1322 1308
1329 1308
1372 1308
1328 1309
1335 1309
1348 1309
1374 1309
1341 1310
1345 1310
1350 1310
1375 1310
1357 1311
1364 1311
1365 1311
1369 1311
1322 1312
1329 1312
1336 1312
1340 1312
1358 1312
1361 1312
1315 1313
1330 1313
1331 1313
1334 1313
1361 1313
1362 1313
1344 1314
1366 1314
1369 1314
2195 1314
1331 1315
1334 1315
1352 1315
1353 1315
1363 1315
1329 1316
1340 1316
1376 1316
1318 1317
1327 1317
1353 1317
1363 1317
1353 1318
1374 1318
1339 1319
1346 1319
1365 1319
1375 1319
1378 1319
1321 1320
1352 1320
1363 1320
1327 1321
1352 1321
1363 1321
1342 1322
1358 1322
1361 1322
1372 1322
1379 1322
1324 1323
1339 1323
1342 1323
1379 1323
1339 1324
1360 1324
1364 1324
1373 1324
1379 1324
1360 1325
1372 1325
1373 1325
1379 1325
1338 1326
1345 1326
1356 1326
1368 1326
1363 1327
1331 1328
1335 1328
1348 1328
1359 1328
1362 1328
1374 1328
1340 1329
1334 1330
1336 1330
1343 1330
1361 1330
1353 1331
1362 1331
1374 1331
1335 1332
1347 1332
1348 1332
1349 1332
1377 1332
1344 1333
1351 1333
1355 1333
1366 1333
1370 1333
1378 1333
1343 1334
1352 1334
1347 1335
1348 1335
1340 1336
1343 1336
1361 1336
1371 1336
1342 1337
1347 1337
1348 1337
1359 1337
1377 1337
1345 1338
1355 1338
1356 1338
1370 1338
1364 1339
1365 1339
1354 1340
1371 1340
1345 1341
1349 1341
1350 1341
1358 1342
1359 1342
1379 1342
1352 1343
1371 1343
1366 1344
1370 1344
2140 1344
2195 1344
1375 1346
1348 1347
1377 1347
1359 1348
1362 1348
1350 1349
1377 1349
1375 1350
1377 1350
1357 1351
1365 1351
1366 1351
1369 1351
1378 1351
1363 1352
1363 1353
1374 1353
1371 1354
1370 1355
1367 1356
1368 1356
1370 1356
1365 1357
1369 1357
1359 1358
1361 1358
1362 1358
1362 1359
1373 1360
1379 1360
1362 1361
1365 1364
1373 1364
1378 1365
1369 1366
1370 1367
2151 1367
2152 1368
1379 1372
1391 1380
1407 1380
1420 1380
1426 1380
1384 1381
1417 1381
1423 1381
1431 1381
1435 1381
2808 1381
2823 1381
1387 1382
1393 1382
1400 1382
1415 1382
1395 1383
1401 1383
1404 1383
1409 1383
1413 1384
1427 1384
1435 1384
2808 1384
2821 1384
1388 1385
1392 1385
1417 1385
2059 1385
2081 1385
2812 1385
1387 1386
1402 1386
1404 1386
1409 1386
1429 1386
1393 1387
1400 1387
1402 1387
1405 1387
1416 1387
1429 1387
1392 1388
1396 1388
1417 1388
1419 1388
1423 1388
1422 1389
1425 1389
1432 1389
1408 1390
1419 1390
1421 1390
1434 1390
1399 1391
1401 1391
1418 1391
1420 1391
1426 1391
1419 1392
1434 1392
1684 1392
1695 1392
1722 1392
2081 1392
1398 1393
1402 1393
1412 1393
1414 1393
1415 1393
1433 1393
1397 1394
1403 1394
1404 1394
1406 1394
1411 1394
1416 1394
1418 1394
1424 1394
1429 1394
1401 1395
1407 1395
1409 1395
1413 1395
2821 1395
2826 1395
1408 1396
1414 1396
1415 1396
1419 1396
1423 1396
1432 1396
1416 1397
1430 1397
1412 1398
1427 1398
1428 1398
1433 1398
1435 1398
1411 1399
1418 1399
1420 1399
1405 1400
1404 1401
1407 1401
1418 1401
1426 1401
1409 1402
1433 1402
1411 1403
1424 1403
1409 1404
1418 1404
1429 1404
1416 1405
1430 1405
1424 1406
1426 1407
1419 1408
1421 1408
1422 1408
1432 1408
1413 1409
1428 1409
1433 1409
1411 1410
1424 1410
1418 1411
1420 1411
1424 1411
1414 1412
1423 1412
1435 1412
1427 1413
1428 1413
2821 1413
1415 1414
1423 1414
1432 1415
1429 1416
1430 1416
1423 1417
2809 1417
2812 1417
2823 1417
1434 1419
1422 1421
1434 1421
1705 1421
1731 1421
1425 1422
1432 1422
1731 1422
1431 1423
1435 1423
1690 1425
1731 1425
1428 1427
1435 1427
1433 1428
1435 1431
1695 1434
1705 1434
1439 1436
1446 1436
1451 1436
1444 1437
1446 1437
1447 1437
1448 1437
1449 1437
1451 1437
1445 1438
1448 1438
1446 1439
1442 1440
1443 1440
1444 1440
1452 1440
2467 1440
2488 1440
1447 1441
1448 1441
1444 1442
1448 1442
1452 1442
1444 1443
1449 1443
1451 1443
1909 1443
1919 1443
1448 1444
1449 1444
1448 1445
1452 1445
2466 1445
2476 1445
2479 1445
2492 1445
1447 1446
1450 1446
1451 1446
1448 1447
1452 1448
1451 1449
1451 1450
1909 1451
1915 1451
2477 1452
2479 1452
2488 1452
1454 1453
1457 1453
1459 1453
1461 1453
1456 1454
1457 1454
1461 1454
1458 1455
1462 1455
2507 1455
1457 1456
2499 1456
1459 1457
1462 1457
2497 1457
2499 1457
2503 1457
2508 1457
1459 1458
1460 1458
1462 1458
1460 1459
1461 1459
1462 1459
1461 1460
2507 1462
2508 1462
1465 1463
1466 1463
1467 1463
1468 1463
1470 1463
1477 1463
1469 1464
1471 1464
1478 1464
1519 1464
1547 1464
1560 1464
1576 1464
1466 1465
1473 1465
1475 1465
1477 1465
1941 1465
1983 1465
1470 1466
1983 1466
1468 1467
1470 1468
1479 1468
1471 1469
1476 1469
1478 1469
1482 1469
1479 1470
1955 1470
1983 1470
1547 1471
1473 1472
1476 1472
1480 1472
1483 1472
1941 1472
1474 1473
1475 1473
1480 1473
1941 1473
1475 1474
1480 1474
1482 1474
1477 1475
1478 1476
1480 1476
1481 1476
1482 1476
1483 1476
1481 1478
1552 1478
1560 1478
1482 1480
1483 1481
1552 1481
1977 1481
1984 1481
1941 1483
1977 1483
1980 1483
1487 1484
1509 1484
1510 1484
1514 1484
1516 1484
1487 1485
1493 1485
1511 1485
1512 1485
1490 1486
1492 1486
1497 1486
1498 1486
1503 1486
1506 1486
1501 1487
1509 1487
1512 1487
1516 1487
1495 1488
1502 1488
1513 1488
1515 1488
1504 1489
1506 1489
2220 1489
2270 1489
2396 1489
1494 1490
1498 1490
1504 1490
1506 1490
1500 1491
1503 1491
1511 1491
2281 1491
1497 1492
1503 1492
2266 1492
2362 1492
2406 1492
1496 1493
1500 1493
1511 1493
1498 1494
1504 1494
1508 1494
1514 1494
1502 1495
1504 1495
1508 1495
1515 1495
1500 1496
1506 1497
2213 1497
2251 1497
2294 1497
2362 1497
2459 1497
2462 1497
1503 1498
1511 1498
1512 1498
1514 1498
1505 1499
1509 1499
1510 1499
1511 1500
1507 1501
1509 1501
1505 1502
1508 1502
1510 1502
1513 1502
1511 1503
2266 1503
2281 1503
2326 1503
1506 1504
1508 1504
1515 1504
2270 1504
2314 1504
2391 1504
1507 1505
1509 1505
1510 1505
1513 1505
2220 1506
2251 1506
1509 1507
2484 1507
1510 1508
1514 1508
1510 1509
1514 1510
1512 1511
1514 1512
1516 1512
1516 1514
1832 1515
2267 1515
2314 1515
1527 1517
1536 1517
1558 1517
1562 1517
1563 1517
1564 1517
1521 1518
1542 1518
1567 1518
1577 1518
1974 1518
1985 1518
1547 1519
1576 1519
1525 1520
1528 1520
1529 1520
1570 1520
1990 1520
1996 1520
1523 1521
1531 1521
1577 1521
1974 1521
1994 1521
1528 1522
1550 1522
1554 1522
1566 1522
1571 1522
1575 1522
1531 1523
1957 1523
1994 1523
1565 1524
1567 1524
1570 1524
1571 1524
1940 1524
1991 1524
1528 1525
1529 1525
1543 1525
1555 1525
1532 1526
1533 1526
2498 1526
2501 1526
1530 1527
1536 1527
1558 1527
1572 1527
1543 1528
1550 1528
1570 1528
1571 1528
1536 1529
1555 1529
1564 1529
1569 1529
1572 1529
1996 1529
1552 1530
1556 1530
1572 1530
1535 1531
1548 1531
1577 1531
1533 1532
1537 1532
1573 1532
1574 1532
2495 1532
2498 1532
1537 1533
1561 1533
1537 1534
1538 1534
1545 1534
1562 1534
1542 1535
1544 1535
1548 1535
1553 1535
1577 1535
1558 1536
1564 1536
1572 1536
1538 1537
1561 1537
1562 1537
1573 1537
1541 1538
1545 1538
1549 1538
1555 1538
1561 1538
1541 1539
1554 1539
1561 1539
1557 1540
1559 1540
1549 1541
1554 1541
1561 1541
1544 1542
1551 1542
1567 1542
1577 1542
1549 1543
1550 1543
1554 1543
1555 1543
1551 1544
1553 1544
1575 1544
1555 1545
1562 1545
1563 1545
1564 1545
1557 1546
1568 1546
1553 1548
1554 1549
1555 1549
1554 1550
1566 1551
1567 1551
1575 1551
1578 1551
1556 1552
1560 1552
1569 1552
1572 1552
1576 1552
1984 1552
1564 1555
1560 1556
1576 1556
1562 1558
1574 1558
2496 1558
1576 1560
1563 1562
1573 1562
1574 1562
1564 1563
1566 1565
1567 1565
1571 1565
1578 1565
1571 1566
1575 1566
1578 1566
1578 1567
1985 1567
1991 1567
1572 1569
1984 1569
1996 1569
1571 1570
1940 1570
1990 1570
1574 1573
2495 1574
2496 1574
2505 1574
1595 1579
1597 1579
1619 1579
1646 1579
1654 1579
1657 1579
1592 1580
1596 1580
1627 1580
1675 1580
1583 1581
1664 1581
1675 1581
2561 1581
1640 1582
1655 1582
1662 1582
1668 1582
2017 1582
2038 1582
1673 1583
1675 1583
2162 1583
2561 1583
1590 1584
1592 1584
1637 1584
1639 1584
1673 1584
2126 1584
2162 1584
1603 1585
1626 1585
1636 1585
1647 1585
1652 1585
1672 1585
1620 1586
1624 1586
1636 1586
1644 1586
1672 1586
1602 1587
1604 1587
1649 1587
1656 1587
1660 1587
1602 1588
1643 1588
1649 1588
2030 1588
1622 1589
1623 1589
1635 1589
1637 1589
1659 1589
1666 1589
1678 1589
1592 1590
1596 1590
1601 1590
1633 1590
1637 1590
1659 1590
1627 1591
1638 1591
1658 1591
1662 1591
1668 1591
1596 1592
1673 1592
1675 1592
1605 1593
1615 1593
1648 1593
2534 1593
2628 1593
1603 1594
1630 1594
1645 1594
1646 1595
1651 1595
1657 1595
2543 1595
2564 1595
2604 1595
1627 1596
1633 1596
1610 1597
1621 1597
1631 1597
1641 1597
1646 1597
1654 1597
1670 1597
1600 1598
1616 1598
1634 1598
2178 1598
2186 1598
1615 1599
1650 1599
1634 1600
1614 1601
1633 1601
1659 1601
2015 1601
2050 1601
1649 1602
1656 1602
2021 1602
2030 1602
1630 1603
1632 1603
1647 1603
1652 1603
1621 1604
1625 1604
1641 1604
1656 1604
1660 1604
1606 1605
2534 1605
2632 1605
1626 1606
1608 1607
1612 1607
1619 1607
1640 1607
1654 1607
1658 1607
1662 1607
1612 1608
1627 1608
1658 1608
1677 1608
1630 1609
1632 1609
1645 1609
1649 1609
1660 1609
1674 1609
1617 1610
1646 1610
1651 1610
1670 1610
1620 1611
1636 1611
1642 1611
1652 1611
1676 1611
1619 1612
1657 1612
1663 1612
1664 1612
1677 1612
1617 1613
1620 1613
1629 1613
1642 1613
1669 1613
1670 1613
1671 1613
1633 1614
1638 1614
2050 1614
1624 1615
1648 1615
1650 1615
2624 1615
2628 1615
1634 1616
1665 1616
2121 1616
2178 1616
1651 1617
1669 1617
1670 1617
2564 1617
2589 1617
1632 1618
1652 1618
1674 1618
1676 1618
1654 1619
1657 1619
1663 1619
1636 1620
1642 1620
1644 1620
1671 1620
1629 1621
1631 1621
1641 1621
1660 1621
1670 1621
1623 1622
1628 1622
1635 1622
1665 1622
1666 1622
2131 1622
2194 1622
1653 1623
1659 1623
1666 1623
2027 1623
1644 1624
2624 1624
1641 1625
1655 1625
1656 1625
1661 1625
1667 1626
1672 1626
1633 1627
1638 1627
1658 1627
1675 1627
1677 1627
1634 1628
1665 1628
1666 1628
2041 1628
1642 1629
1660 1629
1670 1629
1674 1629
1676 1629
1632 1630
1645 1630
1641 1631
1652 1632
1674 1632
1638 1633
1665 1634
2041 1634
1678 1635
2131 1635
2146 1635
2202 1635
1652 1636
1672 1636
1639 1637
1659 1637
1678 1637
1668 1638
2033 1638
2050 1638
1678 1639
2126 1639
2202 1639
1641 1640
1654 1640
1655 1640
1658 1640
1662 1640
1654 1641
1655 1641
1661 1641
1670 1642
1671 1642
1676 1642
1649 1643
1671 1644
2524 1644
2563 1644
2624 1644
1649 1645
1651 1646
1650 1648
1660 1649
2564 1651
1676 1652
1659 1653
2027 1653
2046 1653
1661 1655
1662 1655
2017 1655
2038 1655
1661 1656
2021 1656
2038 1656
1663 1657
2569 1657
2604 1657
1662 1658
2015 1659
2046 1659
1674 1660
2038 1661
1668 1662
1664 1663
2569 1663
2602 1663
1675 1664
1677 1664
2530 1664
2561 1664
2602 1664
2121 1665
2178 1665
2194 1665
2027 1666
2041 1666
2043 1666
1672 1667
2017 1668
2033 1668
1671 1669
2589 1669
2524 1671
2589 1671
1675 1673
2162 1673
1676 1674
1677 1675
2202 1678
1684 1679
1697 1679
1699 1679
1721 1679
1722 1679
2081 1679
2102 1679
1687 1680
1698 1680
1701 1680
1715 1680
1724 1680
1725 1680
1692 1681
1710 1681
1713 1681
1714 1681
1726 1681
1730 1681
1691 1682
1695 1682
1705 1682
1722 1682
1723 1682
1703 1683
1713 1683
1716 1683
1718 1683
1722 1684
2081 1684
1690 1685
1709 1685
1716 1685
1729 1685
1731 1685
1693 1686
1700 1686
1706 1686
1708 1686
1711 1686
1720 1686
1715 1687
1717 1687
1724 1687
1727 1687
1712 1688
1714 1688
1726 1688
1728 1688
1701 1689
1704 1689
1715 1689
1719 1689
2056 1689
2095 1689
1731 1690
1705 1691
1706 1691
1707 1691
1709 1691
1723 1691
1694 1692
1698 1692
1710 1692
1730 1692
1700 1693
1702 1693
1704 1693
1708 1693
1721 1693
2060 1693
2065 1693
1698 1694
1725 1694
1730 1694
1705 1695
1722 1695
1710 1696
1724 1696
1727 1696
1728 1696
1699 1697
1708 1697
1721 1697
1723 1697
1710 1698
1724 1698
1725 1698
1722 1699
1723 1699
1702 1700
1720 1700
1725 1700
1730 1700
1702 1701
1704 1701
1715 1701
1725 1701
1704 1702
1725 1702
1706 1703
1713 1703
1716 1703
1720 1703
1729 1703
2060 1704
2095 1704
1709 1705
1731 1705
1707 1706
1709 1706
1711 1706
1720 1706
1729 1706
1708 1707
1711 1707
1723 1707
1711 1708
1721 1708
1723 1708
1729 1709
1731 1709
1714 1710
1724 1710
1728 1710
1728 1712
1718 1713
1720 1713
1726 1713
1730 1713
1726 1714
1728 1714
1717 1715
1719 1715
1729 1716
1719 1717
2093 1717
2104 1717
1726 1718
2056 1719
2093 1719
2104 1719
1730 1720
2060 1721
2065 1721
2102 1721
1723 1722
1727 1724
1730 1725
1739 1732
1767 1732
1797 1732
1804 1732
1737 1733
1763 1733
1764 1733
1800 1733
1812 1733
1769 1734
1770 1734
1773 1734
1778 1734
1783 1734
1801 1734
1816 1734
1759 1735
1774 1735
1809 1735
1952 1735
1957 1735
1768 1736
1784 1736
1789 1736
1795 1736
1813 1736
1815 1736
2733 1736
1750 1737
1764 1737
1777 1737
1785 1737
1806 1737
1812 1737
1761 1738
1765 1738
1772 1738
1787 1738
1792 1738
2704 1738
2714 1738
1744 1739
1745 1739
1767 1739
1762 1740
1788 1740
1799 1740
1814 1740
1746 1741
1765 1741
1772 1741
1807 1741
1810 1741
1743 1742
1777 1742
1780 1742
1786 1742
1806 1742
1811 1742
1760 1743
1780 1743
1786 1743
1788 1743
1745 1744
1762 1744
1814 1744
1755 1745
1760 1745
1767 1745
1814 1745
1772 1746
1781 1746
1807 1746
1936 1746
1969 1746
2694 1746
1761 1747
1769 1747
1773 1747
1776 1747
1791 1747
1810 1747
1770 1748
1782 1748
1790 1748
1801 1748
1805 1748
1819 1748
1759 1749
1774 1749
1778 1749
1783 1749
1798 1749
1808 1749
1785 1750
1786 1750
1788 1750
1799 1750
1806 1750
1766 1751
1794 1751
1800 1751
1817 1751
1756 1752
1773 1752
1776 1752
1782 1752
1790 1752
1811 1752
1770 1753
1778 1753
1803 1753
1756 1754
1768 1754
1776 1754
1795 1754
1796 1754
1760 1755
1767 1755
1780 1755
1796 1755
1802 1755
1776 1756
1780 1756
1796 1756
1811 1756
1766 1757
1779 1757
1817 1757
1771 1758
1775 1758
1784 1758
1813 1758
2685 1758
2705 1758
1774 1759
1798 1759
1808 1759
1809 1759
1780 1760
1788 1760
1814 1760
1765 1761
1791 1761
1792 1761
1810 1761
1814 1762
1764 1763
1766 1763
1800 1763
1805 1763
1818 1763
1819 1763
1777 1764
1782 1764
1811 1764
1819 1764
1772 1765
1810 1765
1779 1766
1800 1766
1817 1766
1818 1766
1797 1767
1802 1767
1795 1768
1796 1768
1802 1768
1813 1768
1773 1769
1807 1769
1810 1769
1816 1769
1778 1770
1801 1770
1803 1770
1805 1770
1775 1771
1797 1771
1802 1771
1804 1771
1813 1771
2684 1772
2694 1772
2714 1772
1776 1773
1790 1773
1801 1773
1804 1775
2685 1775
2729 1775
1791 1776
1795 1776
1806 1777
1811 1777
1783 1778
1793 1779
1818 1779
1796 1780
1811 1780
1798 1781
1807 1781
1809 1781
1969 1781
1975 1781
1790 1782
1811 1782
1819 1782
1808 1783
1816 1783
1813 1784
2697 1784
2705 1784
2733 1784
1806 1785
1812 1785
1788 1786
1806 1786
1792 1787
1815 1787
2704 1787
2727 1787
2731 1787
1799 1788
1814 1788
1791 1789
1792 1789
1795 1789
1815 1789
1801 1790
1792 1791
1795 1791
1815 1792
1803 1793
1818 1793
1800 1794
1812 1794
1802 1796
1802 1797
1804 1797
1807 1798
1808 1798
1809 1798
1812 1800
1818 1800
1813 1802
1805 1803
1818 1803
1818 1805
1819 1805
1808 1807
1810 1807
1816 1807
1816 1808
1952 1809
1975 1809
2716 1815
2727 1815
2733 1815
1830 1820
1840 1820
1887 1820
1843 1821
1846 1821
1863 1821
1895 1821
1826 1822
1831 1822
1834 1822
1854 1822
1880 1822
1883 1822
1842 1823
1849 1823
1889 1823
2359 1823
2390 1823
1839 1824
1847 1824
1848 1824
1857 1824
1884 1824
1894 1824
2255 1824
2453 1824
1827 1825
1828 1825
1839 1825
1841 1825
1856 1825
1863 1825
1831 1826
1854 1826
1864 1826
2285 1826
2302 1826
2351 1826
1828 1827
1835 1827
1839 1827
1845 1827
1857 1827
1894 1827
1833 1828
1845 1828
1856 1828
1861 1828
1866 1828
1874 1828
1844 1829
1853 1829
1854 1829
1862 1829
1864 1829
1869 1829
1888 1829
1840 1830
1865 1830
1870 1830
1887 1830
1892 1830
1867 1831
1883 1831
2351 1831
2405 1831
1889 1832
2267 1832
2422 1832
1845 1833
1866 1833
1874 1833
1882 1833
1851 1834
1854 1834
1880 1834
1881 1834
1836 1835
1845 1835
1857 1835
1888 1835
1890 1835
1853 1836
1888 1836
1890 1836
2250 1836
2454 1836
1840 1837
1865 1837
1872 1837
1877 1837
1885 1837
1860 1838
1873 1838
1875 1838
1878 1838
1879 1838
1891 1838
1841 1839
1884 1839
1894 1839
1865 1840
1877 1840
1842 1841
1863 1841
1884 1841
1896 1841
1849 1842
1884 1842
1896 1842
2317 1842
2359 1842
1846 1843
1855 1843
1856 1843
1861 1843
1863 1843
1871 1843
1845 1844
1866 1844
1869 1844
1881 1844
1888 1844
1866 1845
1888 1845
1855 1846
1871 1846
1848 1847
1852 1847
1857 1847
1852 1848
2249 1848
2255 1848
2310 1848
1895 1849
1896 1849
1858 1850
1859 1850
1868 1850
1870 1850
1880 1850
1887 1850
1868 1851
1873 1851
1880 1851
1881 1851
1886 1851
1857 1852
1890 1852
2310 1852
2455 1852
1862 1853
1888 1853
2250 1853
2380 1853
1864 1854
1869 1854
1881 1854
1871 1855
1876 1855
1861 1856
1863 1856
1874 1856
1890 1857
1894 1857
1859 1858
1880 1858
1883 1858
1867 1859
1883 1859
1887 1859
1861 1860
1873 1860
1874 1860
1879 1860
1882 1860
1871 1861
1874 1861
1879 1861
1864 1862
2260 1862
2302 1862
2380 1862
1895 1863
1896 1863
2302 1864
1885 1865
1892 1865
1881 1866
1882 1866
1883 1867
2230 1867
2405 1867
1870 1868
1873 1868
1875 1868
1880 1868
1881 1869
1875 1870
1887 1870
1892 1870
1876 1871
1878 1871
1879 1871
1885 1872
1893 1872
1875 1873
1882 1873
1886 1873
1882 1874
1891 1875
1892 1875
1878 1876
1891 1876
1893 1876
1879 1878
1891 1878
1883 1880
1882 1881
1886 1881
1886 1882
2317 1884
2453 1884
1891 1885
1892 1885
1893 1885
2309 1889
2390 1889
2422 1889
2454 1890
2455 1890
1892 1891
1893 1891
1896 1895
1908 1897
1919 1897
1927 1897
1928 1897
1916 1898
1917 1898
1918 1898
1923 1898
1910 1899
1920 1899
1922 1899
1929 1899
1930 1899
1932 1899
1901 1900
1922 1900
1925 1900
1930 1900
1922 1901
1925 1901
1930 1901
1904 1902
1906 1902
1905 1903
1908 1903
1909 1903
1912 1903
1931 1903
1906 1904
1913 1904
1909 1905
1912 1905
1914 1905
1915 1905
1916 1905
1918 1905
1911 1906
1913 1906
1914 1906
1916 1906
1921 1907
1924 1907
1929 1907
1931 1907
2661 1907
1909 1908
1919 1908
1921 1908
1926 1908
1927 1908
1931 1908
1915 1909
1919 1909
1922 1910
1929 1910
2661 1910
2670 1910
1913 1911
1914 1911
1918 1912
1920 1912
1929 1912
1931 1912
1915 1914
1916 1914
1917 1916
1918 1916
1923 1917
1925 1917
1920 1918
1923 1918
1923 1920
1929 1920
1932 1920
1926 1921
1931 1921
2644 1921
2661 1921
1930 1922
2647 1922
2649 1922
2670 1922
2675 1922
1925 1923
1932 1923
1929 1924
2661 1924
1930 1925
1932 1925
1927 1926
1928 1926
2644 1926
2648 1926
2676 1926
1928 1927
2643 1928
2648 1928
2653 1928
1931 1929
2661 1929
1932 1930
1953 1933
1960 1933
1999 1933
1935 1934
1936 1934
1942 1934
1995 1934
1997 1934
1942 1935
1948 1935
1964 1935
1965 1935
1993 1935
1997 1935
1942 1936
1969 1936
1995 1936
2694 1936
1939 1937
1943 1937
1961 1937
1963 1937
1988 1937
1947 1938
1968 1938
1970 1938
1971 1938
1978 1938
1986 1938
1943 1939
1946 1939
1949 1939
1963 1939
1973 1940
1989 1940
1990 1940
1991 1940
1998 1940
1971 1941
1978 1941
1980 1941
1983 1941
1948 1942
1969 1942
1975 1942
1993 1942
1997 1942
1949 1943
1964 1943
1988 1943
1997 1943
1949 1944
1950 1944
1956 1944
1974 1944
1985 1944
1971 1945
1972 1945
1977 1945
1980 1945
1986 1945
1949 1946
1950 1946
1963 1946
1976 1946
1992 1946
1955 1947
1968 1947
1978 1947
1959 1948
1965 1948
1993 1948
1950 1949
1956 1949
1964 1949
1965 1949
1973 1950
1985 1950
1992 1950
1972 1951
1973 1951
1979 1951
1981 1951
1986 1951
1989 1951
1957 1952
1975 1952
1993 1952
1994 1952
1954 1953
1960 1953
1982 1953
1999 1953
1966 1954
1968 1954
1970 1954
1981 1954
1982 1954
1986 1954
1999 1954
1978 1955
1983 1955
1959 1956
1965 1956
1974 1956
1994 1956
1994 1957
1962 1958
1988 1958
1995 1958
1997 1958
2710 1958
2718 1958
1965 1959
1974 1959
1993 1959
1994 1959
1961 1960
1963 1960
1966 1960
1982 1960
1963 1961
1995 1962
2704 1962
2710 1962
2731 1962
1966 1963
1976 1963
1965 1964
1997 1964
1976 1966
1981 1966
1982 1966
1987 1966
1972 1967
1977 1967
1990 1967
1996 1967
1998 1967
1970 1968
1999 1968
1975 1969
1986 1970
1978 1971
1980 1971
1986 1971
1977 1972
1986 1972
1989 1972
1998 1972
1979 1973
1981 1973
1985 1973
1989 1973
1991 1973
1992 1973
1985 1974
1994 1974
1993 1975
1987 1976
1992 1976
1980 1977
1984 1977
1996 1977
1983 1978
1981 1979
1982 1981
1986 1981
1987 1981
1992 1981
1996 1984
1991 1985
1992 1987
1997 1988
1998 1989
1996 1990
1998 1990
1994 1993
1997 1995
2684 1995
2694 1995
2704 1995
2714 1995
2003 2000
2003 2001
2004 2001
2008 2005
2027 2005
2028 2005
2034 2005
2039 2005
2010 2006
2023 2006
2036 2006
2042 2006
2045 2006
2009 2007
2010 2007
2019 2007
2029 2007
2027 2008
2034 2008
2041 2008
2043 2008
2010 2009
2019 2009
2022 2009
2029 2009
2042 2009
2042 2010
2019 2011
2029 2011
2031 2011
2014 2012
2018 2012
2022 2012
2026 2012
2042 2012
2049 2012
2018 2013
2036 2013
2042 2013
2044 2013
2047 2013
2019 2014
2022 2014
2026 2014
2046 2015
2048 2015
2050 2015
2024 2016
2033 2016
2048 2016
2050 2016
2020 2017
2032 2017
2033 2017
2035 2017
2038 2017
2025 2018
2042 2018
2047 2018
2049 2018
2022 2019
2029 2019
2042 2019
2025 2020
2032 2020
2035 2020
2038 2020
2025 2021
2030 2021
2037 2021
2038 2021
2042 2022
2028 2023
2039 2023
2045 2023
2032 2024
2033 2024
2040 2024
2044 2024
2048 2024
2035 2025
2037 2025
2038 2025
2047 2025
2049 2025
2030 2026
2037 2026
2049 2026
2034 2027
2043 2027
2046 2027
2034 2028
2039 2028
2040 2028
2045 2028
2031 2029
2037 2030
2033 2032
2035 2032
2044 2032
2047 2032
2050 2033
2040 2034
2046 2034
2048 2034
2047 2035
2040 2036
2042 2036
2044 2036
2045 2036
2049 2037
2044 2040
2045 2040
2048 2040
2043 2041
2047 2044
2048 2046
2050 2048
2057 2051
2061 2051
2067 2051
2071 2051
2086 2051
2105 2051
2062 2052
2079 2052
2086 2052
2088 2052
2098 2052
2105 2052
2107 2052
2085 2053
2097 2053
2106 2053
2110 2053
2061 2054
2083 2054
2115 2054
2069 2055
2078 2055
2088 2055
2089 2055
2100 2055
2068 2056
2072 2056
2074 2056
2093 2056
2095 2056
2107 2056
2058 2057
2061 2057
2076 2057
2086 2057
2092 2057
2079 2058
2084 2058
2086 2058
2092 2058
2081 2059
2090 2059
2096 2059
2102 2059
2812 2059
2065 2060
2095 2060
2114 2060
2071 2061
2076 2061
2083 2061
2092 2061
2064 2062
2068 2062
2078 2062
2088 2062
2107 2062
2091 2063
2112 2063
2113 2063
2115 2063
2068 2064
2069 2064
2075 2064
2078 2064
2070 2065
2102 2065
2114 2065
2116 2065
2073 2066
2101 2066
2106 2066
2820 2066
2829 2066
2071 2067
2080 2067
2083 2067
2105 2067
2075 2068
2093 2068
2104 2068
2107 2068
2075 2069
2078 2069
2077 2070
2103 2070
2108 2070
2109 2070
2114 2070
2116 2070
2083 2071
2074 2072
2095 2072
2103 2072
2114 2072
2106 2073
2820 2073
2079 2074
2084 2074
2103 2074
2107 2074
2104 2075
2092 2076
2111 2076
2085 2077
2087 2077
2096 2077
2101 2077
2108 2077
2116 2077
2088 2078
2084 2079
2086 2079
2107 2079
2083 2080
2094 2080
2098 2080
2105 2080
2102 2081
2084 2082
2092 2082
2108 2082
2109 2082
2094 2083
2112 2083
2115 2083
2092 2084
2103 2084
2109 2084
2087 2085
2097 2085
2101 2085
2106 2085
2110 2085
2105 2086
2092 2087
2097 2087
2108 2087
2089 2088
2098 2088
2105 2088
2094 2089
2098 2089
2099 2089
2100 2089
2096 2090
2101 2090
2812 2090
2829 2090
2099 2091
2112 2091
2113 2091
2097 2092
2108 2092
2111 2092
2104 2093
2098 2094
2099 2094
2112 2094
2114 2095
2101 2096
2102 2096
2116 2096
2110 2097
2111 2097
2105 2098
2100 2099
2112 2099
2106 2101
2116 2101
2829 2101
2116 2102
2109 2103
2114 2103
2109 2108
2116 2108
2111 2110
2115 2112
2123 2117
2163 2117
2181 2117
2189 2117
2192 2117
2203 2117
2132 2118
2168 2118
2173 2118
2180 2118
2191 2118
2125 2119
2136 2119
2156 2119
2158 2119
2159 2119
2184 2119
2197 2119
2134 2120
2149 2120
2188 2120
2193 2120
2204 2120
2209 2120
2163 2121
2169 2121
2178 2121
2194 2121
2149 2122
2175 2122
2177 2122
2186 2122
2129 2123
2192 2123
2203 2123
2132 2124
2137 2124
2191 2124
2205 2124
2211 2124
2136 2125
2143 2125
2155 2125
2156 2125
2171 2125
2208 2125
2162 2126
2198 2126
2202 2126
2206 2126
2135 2127
2138 2127
2179 2127
2190 2127
2210 2127
2151 2128
2152 2128
2155 2128
2171 2128
2176 2128
2145 2129
2150 2129
2203 2129
2578 2129
2160 2130
2170 2130
2183 2130
2185 2130
2146 2131
2148 2131
2161 2131
2194 2131
2142 2132
2147 2132
2180 2132
2191 2132
2205 2132
2139 2133
2143 2133
2154 2133
2165 2133
2171 2133
2141 2134
2181 2134
2187 2134
2188 2134
2189 2134
2204 2134
2209 2134
2190 2135
2191 2135
2199 2135
2210 2135
2211 2135
2152 2136
2155 2136
2184 2136
2207 2136
2187 2137
2196 2137
2205 2137
2209 2137
2211 2137
2157 2138
2158 2138
2159 2138
2179 2138
2210 2138
2143 2139
2164 2139
2165 2139
2182 2139
2151 2140
2154 2140
2195 2140
2200 2140
2181 2141
2183 2141
2185 2141
2187 2141
2192 2141
2147 2142
2168 2142
2172 2142
2180 2142
2171 2143
2182 2143
2208 2143
2166 2144
2168 2144
2173 2144
2174 2144
2148 2145
2150 2145
2153 2145
2161 2145
2163 2145
2203 2145
2148 2146
2153 2146
2202 2146
2206 2146
2172 2147
2193 2147
2205 2147
2153 2148
2161 2148
2172 2149
2177 2149
2188 2149
2193 2149
2153 2150
2578 2150
2621 2150
2154 2151
2171 2151
2176 2151
2155 2152
2176 2152
2207 2152
2198 2153
2206 2153
2621 2153
2165 2154
2171 2154
2200 2154
2171 2155
2197 2156
2208 2156
2159 2157
2167 2157
2174 2157
2184 2157
2210 2157
2159 2158
2179 2158
2197 2158
2184 2159
2170 2160
2183 2160
2187 2160
2196 2160
2163 2161
2194 2161
2198 2162
2561 2162
2634 2162
2169 2163
2189 2163
2194 2163
2203 2163
2182 2164
2200 2165
2167 2166
2174 2166
2207 2166
2174 2167
2184 2167
2207 2167
2173 2168
2180 2168
2175 2169
2178 2169
2189 2169
2196 2170
2199 2170
2201 2170
2193 2172
2174 2173
2191 2173
2210 2173
2210 2174
2177 2175
2178 2175
2186 2175
2189 2175
2188 2177
2189 2177
2186 2178
2190 2179
2197 2179
2189 2181
2192 2181
2208 2182
2185 2183
2187 2183
2207 2184
2192 2185
2196 2187
2209 2187
2189 2188
2199 2190
2210 2191
2211 2191
2204 2193
2205 2193
2200 2195
2201 2196
2211 2196
2206 2198
2523 2198
2621 2198
2634 2198
2201 2199
2211 2199
2211 2201
2206 2202
2205 2204
2209 2204
2209 2205
2248 2212
2292 2212
2318 2212
2324 2212
2356 2212
2279 2213
2294 2213
2367 2213
2376 2213
2459 2213
2248 2214
2324 2214
2332 2214
2385 2214
2398 2214
2414 2214
2439 2214
2440 2214
2240 2215
2389 2215
2407 2215
2416 2215
2223 2216
2250 2216
2330 2216
2435 2216
2454 2216
2455 2216
2463 2216
2234 2217
2244 2217
2276 2217
2301 2217
2399 2217
2402 2217
2430 2217
2226 2218
2293 2218
2339 2218
2350 2218
2360 2218
2373 2218
2374 2218
2458 2218
2256 2219
2286 2219
2290 2219
2448 2219
2450 2219
2452 2219
2251 2220
2321 2220
2352 2220
2396 2220
2226 2221
2341 2221
2344 2221
2374 2221
2404 2221
2443 2221
2239 2222
2286 2222
2300 2222
2355 2222
2438 2222
2457 2222
2289 2223
2315 2223
2349 2223
2435 2223
2454 2223
2455 2223
2463 2223
2299 2224
2339 2224
2360 2224
2407 2224
2416 2224
2238 2225
2261 2225
2284 2225
2353 2225
2372 2225
2377 2225
2457 2225
2257 2226
2305 2226
2341 2226
2374 2226
2458 2226
2238 2227
2257 2227
2297 2227
2316 2227
2341 2227
2361 2227
2438 2227
2269 2228
2296 2228
2325 2228
2364 2228
2367 2228
2379 2228
2419 2228
2261 2229
2283 2229
2308 2229
2320 2229
2337 2229
2372 2229
2424 2229
2245 2230
2383 2230
2405 2230
2290 2231
2295 2231
2312 2231
2369 2231
2452 2231
2237 2232
2304 2232
2356 2232
2365 2232
2409 2232
2450 2232
2333 2233
2397 2233
2400 2233
2433 2233
2276 2234
2288 2234
2307 2234
2384 2234
2430 2234
2277 2235
2319 2235
2335 2235
2336 2235
2342 2235
2348 2235
2425 2235
2241 2236
2253 2236
2258 2236
2278 2236
2371 2236
2378 2236
2417 2236
2355 2237
2377 2237
2409 2237
2450 2237
2353 2238
2361 2238
2417 2238
2438 2238
2457 2238
2286 2239
2300 2239
2305 2239
2316 2239
2438 2239
2331 2240
2369 2240
2407 2240
2446 2240
2253 2241
2278 2241
2338 2241
2420 2241
2432 2241
2319 2242
2456 2242
2291 2243
2383 2243
2436 2243
2441 2243
2461 2243
2276 2244
2301 2244
2328 2244
2382 2244
2399 2244
2402 2244
2408 2244
2366 2245
2383 2245
2270 2246
2306 2246
2352 2246
2396 2246
2402 2246
2430 2246
2295 2247
2312 2247
2334 2247
2357 2247
2318 2248
2324 2248
2385 2248
2412 2248
2423 2248
2255 2249
2262 2249
2307 2249
2310 2249
2330 2250
2380 2250
2454 2250
2321 2251
2352 2251
2434 2251
2462 2251
2379 2252
2388 2252
2411 2252
2427 2252
2437 2252
2259 2253
2371 2253
2411 2253
2432 2253
2268 2254
2272 2254
2285 2254
2302 2254
2327 2254
2410 2254
2276 2255
2301 2255
2307 2255
2453 2255
2286 2256
2331 2256
2354 2256
2452 2256
2305 2257
2316 2257
2341 2257
2278 2258
2283 2258
2308 2258
2378 2258
2371 2259
2375 2259
2411 2259
2418 2259
2437 2259
2272 2260
2302 2260
2380 2260
2460 2260
2308 2261
2353 2261
2372 2261
2274 2262
2289 2262
2307 2262
2310 2262
2346 2262
2384 2262
2264 2263
2279 2263
2397 2263
2442 2263
2449 2263
2329 2264
2397 2264
2403 2264
2418 2264
2429 2264
2433 2264
2442 2264
2444 2264
2274 2265
2288 2265
2296 2265
2306 2265
2343 2265
2363 2265
2364 2265
2384 2265
2326 2266
2333 2266
2406 2266
2314 2267
2382 2267
2422 2267
2272 2268
2282 2268
2340 2268
2410 2268
2431 2268
2294 2269
2325 2269
2364 2269
2367 2269
2434 2269
2391 2270
2396 2270
2399 2270
2402 2270
2285 2271
2291 2271
2323 2271
2327 2271
2351 2271
2405 2271
2302 2272
2431 2272
2460 2272
2299 2273
2300 2273
2339 2273
2354 2273
2446 2273
2288 2274
2296 2274
2343 2274
2346 2274
2384 2274
2428 2274
2293 2275
2350 2275
2370 2275
2451 2275
2465 2275
2301 2276
2307 2276
2453 2276
2335 2277
2336 2277
2350 2277
2360 2277
2373 2277
2451 2277
2283 2278
2393 2278
2420 2278
2426 2278
2376 2279
2442 2279
2449 2279
2459 2279
2344 2280
2345 2280
2347 2280
2404 2280
2429 2280
2443 2280
2444 2280
2326 2281
2318 2282
2320 2282
2337 2282
2340 2282
2386 2282
2431 2282
2308 2283
2322 2283
2393 2283
2424 2283
2358 2284
2372 2284
2377 2284
2409 2284
2302 2285
2327 2285
2351 2285
2300 2286
2354 2286
2355 2286
2450 2286
2338 2287
2343 2287
2379 2287
2388 2287
2419 2287
2428 2287
2432 2287
2306 2288
2363 2288
2384 2288
2430 2288
2310 2289
2346 2289
2349 2289
2455 2289
2312 2290
2448 2290
2452 2290
2323 2291
2351 2291
2405 2291
2436 2291
2461 2291
2318 2292
2356 2292
2358 2292
2386 2292
2350 2293
2373 2293
2374 2293
2443 2293
2465 2293
2367 2294
2434 2294
2462 2294
2312 2295
2343 2296
2363 2296
2364 2296
2419 2296
2341 2297
2344 2297
2345 2297
2361 2297
2368 2297
2325 2298
2367 2298
2376 2298
2403 2298
2427 2298
2442 2298
2339 2299
2407 2299
2446 2299
2305 2300
2339 2300
2354 2300
2458 2300
2317 2301
2408 2301
2453 2301
2313 2303
2412 2303
2423 2303
2441 2303
2365 2304
2381 2304
2447 2304
2448 2304
2450 2304
2316 2305
2458 2305
2321 2306
2352 2306
2363 2306
2430 2306
2384 2307
2353 2308
2378 2308
2328 2309
2382 2309
2390 2309
2408 2309
2422 2309
2455 2310
2332 2311
2334 2311
2357 2311
2392 2311
2398 2311
2440 2311
2357 2312
2381 2312
2448 2312
2366 2313
2394 2313
2412 2313
2441 2313
2382 2314
2391 2314
2422 2314
2338 2315
2349 2315
2420 2315
2428 2315
2435 2315
2438 2316
2359 2317
2390 2317
2408 2317
2453 2317
2340 2318
2386 2318
2423 2318
2445 2318
2342 2319
2425 2319
2456 2319
2337 2320
2358 2320
2372 2320
2386 2320
2352 2321
2363 2321
2364 2321
2434 2321
2462 2321
2337 2322
2393 2322
2395 2322
2424 2322
2327 2323
2351 2323
2401 2323
2405 2323
2461 2323
2356 2324
2365 2324
2439 2324
2447 2324
2367 2325
2379 2325
2419 2325
2427 2325
2333 2326
2400 2326
2340 2327
2401 2327
2410 2327
2445 2327
2382 2328
2390 2328
2408 2328
2422 2328
2403 2329
2418 2329
2437 2329
2380 2330
2393 2330
2395 2330
2460 2330
2463 2330
2354 2331
2369 2331
2446 2331
2452 2331
2387 2332
2392 2332
2413 2332
2414 2332
2440 2332
2397 2333
2400 2333
2406 2333
2357 2334
2392 2334
2425 2335
2451 2335
2464 2335
2348 2336
2360 2336
2389 2336
2416 2336
2395 2337
2424 2337
2431 2337
2388 2338
2420 2338
2428 2338
2432 2338
2360 2339
2458 2339
2410 2340
2445 2340
2344 2341
2348 2342
2456 2342
2346 2343
2419 2343
2428 2343
2345 2344
2404 2344
2368 2345
2375 2345
2418 2345
2429 2345
2349 2346
2384 2346
2428 2346
2370 2347
2443 2347
2444 2347
2465 2347
2389 2348
2428 2349
2435 2349
2373 2350
2451 2350
2405 2351
2363 2352
2396 2352
2378 2353
2417 2353
2446 2354
2377 2355
2450 2355
2457 2355
2358 2356
2365 2356
2409 2356
2381 2357
2398 2357
2415 2357
2372 2358
2386 2358
2409 2358
2390 2359
2408 2359
2373 2360
2416 2360
2368 2361
2417 2361
2406 2362
2449 2362
2459 2362
2364 2363
2434 2363
2434 2364
2409 2365
2447 2365
2383 2366
2441 2366
2376 2367
2371 2368
2375 2368
2417 2368
2452 2369
2443 2370
2451 2370
2465 2370
2375 2371
2417 2371
2451 2373
2443 2374
2465 2374
2418 2375
2437 2375
2403 2376
2442 2376
2409 2377
2457 2377
2417 2378
2388 2379
2419 2379
2427 2379
2460 2380
2415 2381
2447 2381
2448 2381
2391 2382
2399 2382
2422 2382
2405 2383
2436 2383
2441 2383
2412 2385
2414 2385
2421 2385
2392 2387
2413 2387
2411 2388
2419 2388
2432 2388
2416 2389
2408 2390
2399 2391
2402 2391
2395 2393
2426 2393
2463 2393
2412 2394
2421 2394
2431 2395
2460 2395
2406 2397
2433 2397
2449 2397
2415 2398
2439 2398
2440 2398
2402 2399
2445 2401
2461 2401
2430 2402
2427 2403
2437 2403
2442 2403
2443 2404
2436 2405
2449 2406
2416 2407
2446 2407
2453 2408
2432 2411
2437 2411
2421 2412
2423 2412
2414 2413
2421 2413
2421 2414
2439 2415
2447 2415
2429 2418
2437 2418
2426 2420
2435 2420
2441 2423
2445 2423
2461 2423
2464 2425
2435 2426
2463 2426
2437 2427
2444 2429
2460 2431
2444 2433
2462 2434
2463 2435
2457 2438
2447 2439
2461 2441
2465 2443
2461 2445
2450 2448
2459 2449
2464 2451
2455 2454
2474 2466
2476 2466
2479 2466
2481 2466
2486 2466
2468 2467
2471 2467
2488 2467
2494 2467
2482 2468
2494 2468
2472 2469
2473 2469
2485 2469
2489 2469
2490 2469
2472 2470
2487 2470
2489 2470
2825 2470
2480 2471
2483 2471
2488 2471
2494 2471
2487 2472
2489 2472
2490 2472
2491 2472
2475 2473
2484 2473
2485 2473
2486 2473
2489 2473
2493 2473
2476 2474
2478 2474
2481 2474
2484 2474
2493 2474
2484 2475
2489 2475
2493 2475
2478 2476
2492 2476
2479 2477
2485 2477
2488 2477
2490 2477
2484 2478
2492 2478
2485 2479
2486 2479
2482 2480
2483 2480
2487 2480
2494 2480
2486 2481
2493 2481
2487 2482
2494 2482
2818 2482
2827 2482
2487 2483
2488 2483
2490 2483
2491 2483
2493 2484
2486 2485
2490 2485
2493 2486
2491 2487
2825 2487
2827 2487
2490 2488
2494 2488
2491 2490
2498 2495
2503 2495
2505 2495
2506 2495
2508 2495
2505 2496
2507 2496
2508 2496
2499 2497
2502 2497
2503 2497
2504 2497
2506 2497
2500 2498
2501 2498
2502 2498
2506 2498
2504 2499
2501 2500
2502 2500
2504 2500
2504 2502
2506 2502
2506 2503
2508 2503
2508 2505
2508 2507
2596 2509
2517 2510
2526 2510
2533 2510
2553 2510
2562 2510
2581 2510
2592 2510
2600 2510
2618 2510
2516 2511
2548 2511
2518 2512
2522 2512
2537 2512
2539 2512
2540 2512
2617 2512
2692 2512
2711 2512
2535 2513
2542 2513
2545 2513
2599 2513
2607 2513
2608 2513
2515 2514
2519 2514
2528 2514
2583 2514
2592 2514
2617 2514
2526 2515
2528 2515
2532 2515
2592 2515
2608 2515
2548 2516
2550 2516
2518 2517
2570 2517
2592 2517
2617 2517
2618 2517
2627 2517
2635 2517
2715 2517
2570 2518
2617 2518
2692 2518
2717 2518
2520 2519
2522 2519
2528 2519
2554 2519
2583 2519
2604 2519
2615 2519
2617 2519
2558 2521
2611 2521
2623 2521
2631 2521
2640 2521
2707 2521
2540 2522
2615 2522
2617 2522
2634 2523
2545 2524
2563 2524
2582 2524
2589 2524
2599 2524
2544 2525
2619 2525
2631 2525
2706 2525
2709 2525
2542 2526
2553 2526
2592 2526
2608 2526
2617 2527
2532 2528
2564 2528
2583 2528
2604 2528
2547 2529
2566 2529
2574 2529
2575 2529
2576 2529
2625 2529
2626 2529
2552 2530
2557 2530
2561 2530
2602 2530
2611 2530
2640 2530
2535 2531
2568 2531
2573 2531
2593 2531
2564 2532
2582 2532
2589 2532
2608 2532
2595 2534
2606 2534
2628 2534
2632 2534
2538 2535
2545 2535
2560 2535
2568 2535
2571 2535
2603 2535
2607 2535
2609 2535
2614 2535
2551 2536
2555 2536
2580 2536
2633 2536
2698 2536
2603 2538
2609 2538
2558 2540
2591 2540
2615 2540
2711 2540
2551 2541
2584 2541
2600 2541
2613 2541
2625 2541
2626 2541
2553 2542
2560 2542
2607 2542
2608 2542
2604 2543
2619 2544
2639 2544
2563 2545
2599 2545
2603 2545
2609 2545
2630 2545
2563 2546
2574 2547
2590 2547
2549 2548
2550 2548
2580 2548
2610 2548
2580 2551
2610 2551
2613 2551
2626 2551
2633 2551
2554 2552
2591 2552
2602 2552
2611 2552
2615 2552
2560 2553
2581 2553
2569 2554
2572 2554
2602 2554
2604 2554
2615 2554
2624 2554
2622 2555
2633 2555
2638 2555
2681 2555
2693 2555
2695 2555
2698 2555
2712 2555
2625 2556
2626 2556
2561 2557
2591 2558
2611 2558
2707 2558
2711 2558
2724 2558
2574 2559
2588 2559
2590 2559
2566 2560
2568 2560
2581 2560
2607 2560
2623 2561
2634 2561
2640 2561
2584 2562
2600 2562
2601 2562
2618 2562
2624 2563
2630 2563
2589 2564
2604 2564
2594 2565
2605 2565
2641 2565
2568 2566
2576 2566
2581 2566
2593 2566
2625 2566
2618 2567
2593 2568
2607 2568
2614 2568
2587 2569
2602 2569
2604 2569
2715 2570
2717 2570
2609 2571
2624 2572
2628 2572
2629 2572
2593 2573
2594 2573
2637 2573
2641 2573
2576 2574
2590 2574
2626 2575
2636 2575
2593 2576
2597 2577
2614 2577
2621 2578
2639 2578
2617 2579
2610 2580
2698 2580
2600 2581
2625 2581
2589 2582
2599 2582
2608 2582
2600 2584
2601 2584
2613 2584
2586 2585
2610 2585
2610 2586
2611 2591
2612 2591
2615 2591
2617 2592
2641 2594
2606 2595
2632 2595
2614 2597
2636 2597
2639 2598
2608 2599
2625 2600
2613 2601
2618 2601
2622 2601
2633 2601
2609 2603
2641 2605
2628 2606
2629 2609
2630 2609
2626 2610
2612 2611
2640 2611
2633 2613
2636 2614
2616 2615
2620 2615
2620 2616
2622 2618
2695 2618
2715 2618
2621 2619
2623 2619
2631 2619
2634 2619
2639 2619
2634 2621
2639 2621
2633 2622
2695 2622
2631 2623
2634 2623
2640 2623
2628 2624
2629 2624
2630 2624
2626 2625
2630 2629
2706 2631
2707 2631
2641 2637
2652 2642
2654 2642
2663 2642
2678 2642
2653 2643
2678 2643
2652 2644
2654 2644
2661 2644
2676 2644
2679 2644
2650 2645
2658 2645
2660 2645
2665 2645
2669 2645
2671 2645
2657 2646
2649 2647
2670 2647
2652 2648
2653 2648
2676 2648
2678 2648
2662 2649
2670 2649
2675 2649
2654 2650
2660 2650
2665 2650
2663 2651
2665 2651
2673 2651
2654 2652
2676 2652
2678 2652
2678 2653
2660 2654
2663 2654
2665 2654
2679 2654
2657 2655
2662 2655
2664 2655
2666 2655
2674 2655
2671 2656
2664 2657
2660 2658
2668 2658
2671 2658
2679 2658
2664 2659
2668 2659
2679 2660
2670 2661
2679 2661
2666 2662
2668 2662
2670 2662
2674 2662
2675 2662
2679 2662
2665 2663
2672 2663
2673 2663
2678 2663
2668 2664
2674 2664
2669 2665
2677 2665
2675 2666
2672 2667
2673 2667
2674 2668
2679 2668
2671 2669
2677 2669
2679 2670
2673 2672
2678 2672
2696 2680
2718 2680
2721 2680
2725 2680
2726 2680
2728 2680
2698 2681
2712 2681
2699 2682
2701 2682
2702 2682
2720 2682
2734 2682
2686 2683
2687 2683
2690 2683
2700 2683
2713 2683
2730 2683
2694 2684
2714 2684
2701 2685
2705 2685
2719 2685
2729 2685
2687 2686
2690 2686
2722 2686
2723 2686
2732 2686
2689 2687
2699 2687
2713 2687
2723 2687
2690 2688
2696 2688
2700 2688
2722 2688
2727 2688
2731 2688
2692 2689
2699 2689
2713 2689
2720 2689
2724 2689
2700 2690
2722 2690
2693 2691
2695 2691
2708 2691
2715 2691
2718 2691
2721 2691
2726 2691
2711 2692
2713 2692
2717 2692
2724 2692
2730 2692
2695 2693
2708 2693
2712 2693
2708 2695
2715 2695
2700 2696
2703 2696
2725 2696
2728 2696
2731 2696
2699 2697
2705 2697
2719 2697
2723 2697
2732 2697
2733 2697
2701 2699
2713 2699
2719 2699
2720 2699
2723 2699
2728 2700
2730 2700
2702 2701
2709 2701
2719 2701
2729 2701
2709 2702
2734 2702
2710 2703
2725 2703
2731 2703
2714 2704
2731 2704
2719 2705
2707 2706
2709 2706
2734 2706
2711 2707
2720 2707
2724 2707
2734 2707
2729 2709
2734 2709
2718 2710
2725 2710
2731 2710
2724 2711
2730 2713
2717 2715
2721 2715
2722 2716
2727 2716
2733 2716
2721 2717
2730 2717
2725 2718
2726 2718
2724 2720
2734 2720
2726 2721
2728 2721
2730 2721
2727 2722
2732 2722
2733 2722
2732 2723
2731 2727
2730 2728
2733 2732
2745 2735
2763 2735
2773 2735
2784 2735
2791 2735
2804 2735
2806 2735
2738 2736
2760 2736
2785 2736
2792 2736
2741 2737
2743 2737
2751 2737
2783 2737
2789 2737
2790 2737
2792 2737
2800 2737
2750 2738
2792 2738
2800 2738
2742 2739
2765 2739
2770 2739
2777 2739
2779 2739
2793 2739
2752 2740
2781 2740
2796 2740
2750 2741
2783 2741
2800 2741
2754 2742
2770 2742
2779 2742
2794 2742
2805 2742
2744 2743
2751 2743
2752 2743
2789 2743
2795 2743
2752 2744
2761 2744
2771 2744
2795 2744
2806 2744
2747 2745
2748 2745
2758 2745
2763 2745
2773 2745
2791 2745
2756 2746
2787 2746
2797 2746
2748 2747
2757 2747
2759 2747
2762 2747
2788 2747
2791 2747
2754 2748
2758 2748
2762 2748
2801 2748
2802 2748
2765 2749
2792 2750
2800 2750
2752 2751
2781 2751
2782 2751
2783 2751
2790 2751
2761 2752
2781 2752
2796 2752
2755 2753
2772 2753
2758 2754
2794 2754
2801 2754
2805 2754
2768 2755
2772 2755
2777 2755
2778 2755
2798 2755
2759 2756
2767 2756
2787 2756
2759 2757
2767 2757
2788 2757
2773 2758
2804 2758
2805 2758
2767 2759
2787 2759
2791 2759
2785 2760
2798 2760
2763 2761
2766 2761
2776 2761
2796 2761
2806 2761
2788 2762
2799 2762
2802 2762
2776 2763
2791 2763
2797 2763
2806 2763
2786 2764
2799 2764
2770 2765
2776 2766
2796 2766
2797 2766
2769 2768
2771 2768
2774 2768
2777 2768
2778 2768
2793 2768
2771 2769
2778 2769
2785 2769
2795 2769
2794 2770
2784 2771
2793 2771
2795 2771
2803 2771
2806 2771
2777 2772
2804 2773
2777 2774
2793 2774
2780 2775
2786 2775
2801 2775
2802 2775
2797 2776
2793 2777
2785 2778
2798 2778
2793 2779
2803 2779
2805 2779
2794 2780
2801 2780
2802 2780
2782 2781
2790 2782
2790 2783
2793 2784
2803 2784
2804 2784
2806 2784
2789 2785
2792 2785
2795 2785
2798 2785
2799 2786
2802 2786
2791 2787
2797 2787
2799 2788
2792 2789
2795 2789
2800 2789
2797 2791
2800 2792
2803 2793
2801 2794
2802 2799
2802 2801
2804 2803
2805 2803
2805 2804
2810 2807
2811 2807
2817 2807
2819 2807
2822 2807
2816 2808
2821 2808
2823 2808
2828 2808
2811 2809
2812 2809
2816 2809
2823 2809
2829 2809
2811 2810
2813 2810
2819 2810
2825 2810
2816 2811
2819 2811
2820 2811
2822 2811
2829 2811
2829 2812
2815 2813
2819 2813
2821 2813
2824 2813
2825 2813
2826 2813
2828 2813
2817 2814
2820 2814
2822 2814
2821 2815
2828 2815
2819 2816
2823 2816
2828 2816
2822 2817
2824 2818
2825 2818
2826 2818
2827 2818
2828 2819
2822 2820
2829 2820
2826 2821
2828 2821
2825 2824
2826 2824
2827 2825
